_input/DEM10_LS.asc
NCOLS 129
NROWS 89
XLLCORNER 4477375.0000000000
YLLCORNER 5725725.0000000000
CELLSIZE 10.000000
NODATA_VALUE -99999.0000
[rows 32 to 63 of 89, columns 0 to 70 of 129]
0.1930 0.3037 0.4281 0.4839 0.5061 0.5201 0.6411 0.7341 0.6801 0.6689 0.6961 0.6258 0.6356 0.7342 0.8042 1.1288 1.3122 1.2670 1.1848 1.2199 1.4214 1.6672 1.8691 1.7225 1.7081 1.7272 1.8249 1.9862 1.8206 1.5461 1.3596 1.4124 1.3434 1.2771 1.2622 1.2737 1.3521 1.5675 1.8001 1.6778 1.5561 1.3484 1.1493 1.0105 1.3109 1.3954 1.0404 0.8889 0.9980 0.8735 0.8503 1.0070 1.1264 1.1888 1.4257 1.5692 1.8704 2.0717 2.3046 2.4793 2.7209 2.9496 3.0281 3.3194 3.1403 3.4258 3.2090 3.1855 3.2419 3.0109 2.9861
0.2273 0.3657 0.5027 0.5204 0.5263 0.5504 0.6676 0.7612 0.7213 0.7099 0.7569 0.6729 0.7174 0.8518 0.9930 1.2996 1.5118 1.5301 1.5570 1.6163 1.7366 1.7601 1.6135 1.4491 1.5132 1.6059 1.6603 1.5981 1.2984 1.0466 1.0183 1.0438 1.0227 1.0015 1.0105 1.1890 1.6344 2.0383 1.6144 1.3875 1.2280 1.1878 1.3139 1.2277 0.8777 1.0984 0.9635 0.9327 1.0526 1.0546 0.9772 1.0409 1.3571 1.5387 1.8403 2.1060 2.4476 2.6893 2.9361 3.0535 3.2995 3.4189 3.3967 3.5257 3.3989 3.4300 3.0823 3.0117 3.0345 2.9976 2.8876
0.2301 0.4177 0.5714 0.5210 0.5192 0.5546 0.6793 0.8002 0.7554 0.7780 0.8386 0.7782 0.8580 1.0171 1.1495 1.3792 1.6344 1.6071 1.5943 1.5841 1.7436 1.5091 1.2311 1.1460 1.2023 1.3313 1.3367 1.1656 0.9300 0.7607 0.8004 0.8456 0.8930 0.8707 1.0711 1.4932 1.8019 1.8179 1.7111 1.5639 1.3678 1.1015 1.0418 1.2090 0.9600 1.1263 1.1060 1.0144 1.1447 1.3222 1.4526 1.4470 1.8364 2.0835 2.3984 2.6415 2.7940 2.9206 3.2169 3.3683 3.4183 3.5015 3.5557 3.5569 3.3543 3.1747 2.9909 2.9106 2.7727 2.8764 2.6574
0.2772 0.4382 0.5491 0.5118 0.5145 0.5437 0.6746 0.8315 0.8452 0.8898 0.9287 0.8647 0.9797 1.1661 1.1349 1.3441 1.5982 1.5802 1.4977 1.6047 1.6422 1.2769 0.9908 0.9045 0.8701 0.9975 0.9528 0.8159 0.7570 0.7574 0.7409 0.7680 0.8628 1.0225 1.1675 1.4709 1.6172 1.8186 1.4054 1.2592 1.3426 1.3171 1.2352 1.3828 1.2219 1.3016 1.4261 1.2941 1.3303 1.6633 2.0198 2.1346 2.4144 2.6582 2.8715 2.9410 2.9580 3.0641 3.1692 3.3626 3.3329 3.3755 3.4590 3.4015 3.2172 2.8817 2.9157 2.5550 2.5287 2.5609 2.3256
0.2620 0.4321 0.5630 0.5388 0.5424 0.5661 0.7146 0.9089 0.9071 0.9044 0.9441 0.8136 0.9864 1.1259 1.0091 1.2384 1.5878 1.5941 1.4803 1.6228 1.4958 1.1014 0.8484 0.7062 0.6674 0.8158 0.8277 0.7773 0.7904 0.7695 0.7080 0.8313 1.0398 1.1259 1.1650 1.2164 1.3173 1.1902 1.1506 1.1768 1.4578 1.5349 1.5098 1.6791 1.6349 1.6921 1.9827 2.0277 1.9445 2.1996 2.6109 2.7000 2.8038 2.9445 3.0856 3.1394 3.0454 3.0613 3.1222 3.1678 3.1851 3.1844 3.3169 3.1203 3.1375 2.6794 2.7157 2.2876 2.2164 2.2252 2.0047
0.2678 0.4427 0.5822 0.5692 0.5869 0.5815 0.7503 0.9707 0.9178 0.9269 0.8350 0.7062 0.9815 1.0177 0.7840 1.0082 1.3403 1.5493 1.6377 1.7544 1.6506 1.0878 0.7137 0.5008 0.4900 0.6347 0.7822 0.8400 0.9124 0.9364 0.9077 0.9085 0.9454 1.0328 1.0701 1.0449 1.0412 1.1008 1.2857 1.3382 1.6959 1.5890 2.0032 2.0115 2.3027 2.1047 2.5488 2.6762 2.5800 2.8208 2.9569 2.9125 2.9414 3.0870 3.0337 3.2124 3.0480 2.9894 3.0687 3.1881 3.0970 3.0311 3.0052 2.9587 2.7780 2.5618 2.4202 2.0500 1.9643 1.9462 1.8953
0.2483 0.4490 0.6072 0.5567 0.6022 0.6403 0.7910 1.0010 0.9446 0.8619 0.6796 0.5906 0.8810 0.9112 0.7030 0.8645 1.1845 1.3611 1.5905 1.7671 1.6242 1.0798 0.5444 0.3510 0.4635 0.6414 0.7834 0.8287 0.9575 1.2005 1.0795 0.9485 1.1873 0.8866 0.9431 1.0633 1.1476 1.2844 1.6039 1.7878 1.9837 2.1402 2.4370 2.3843 2.8949 2.7322 2.8171 2.9378 3.0976 3.1012 3.0195 3.2651 3.1524 3.1426 3.1360 3.2329 3.0277 2.9994 2.9696 2.9183 2.8987 2.7458 2.6925 2.6850 2.4640 2.2894 2.0265 1.8171 1.8117 1.8589 1.8409
0.2196 0.4454 0.6076 0.5564 0.6225 0.7020 0.8678 1.0138 0.9143 0.8012 0.6163 0.5157 0.7903 0.8710 0.6682 0.7893 1.0868 1.2690 1.5627 1.7258 1.5799 1.0840 0.5025 0.3205 0.3586 0.5228 0.7326 0.9098 1.1873 1.1466 1.2130 1.2074 0.9940 1.0123 1.0994 1.1953 1.3482 1.5579 1.9384 2.1688 2.2547 2.7001 2.6215 2.6315 3.0105 3.0441 3.0503 3.1287 3.2273 3.2850 3.3540 3.5578 3.4391 3.3308 3.3083 3.2245 3.1567 2.9421 2.7715 2.6327 2.6478 2.2326 2.3374 2.4200 2.1726 1.9846 1.8798 1.7995 1.6575 1.8107 1.8305
0.1387 0.4146 0.6711 0.5608 0.6394 0.7634 0.9105 1.0330 0.8683 0.6958 0.5436 0.5343 0.8161 0.8687 0.6379 0.6686 0.9289 1.0986 1.3006 1.6074 1.5614 1.1303 0.5574 0.2799 0.2821 0.5032 0.9031 0.9830 1.0700 1.2548 1.1482 1.0039 1.0366 1.1445 1.2699 1.4808 1.6644 1.8921 2.1388 2.3270 2.3401 2.6763 2.7623 2.6705 2.9153 3.0623 3.1358 3.2044 3.3244 3.4693 3.5715 3.8323 3.6445 3.3906 3.3283 3.1915 3.0951 2.6526 2.5659 2.4971 2.4161 2.2045 2.0346 2.2269 2.0579 1.9781 1.8627 1.8109 1.6469 1.6189 1.8218
0.1398 0.4157 0.6831 0.5496 0.6342 0.8112 0.9428 0.9561 0.7180 0.6320 0.5522 0.5502 0.7795 0.8360 0.6159 0.6326 0.8540 1.0008 1.1481 1.4194 1.4165 1.0498 0.5913 0.3137 0.3056 0.5097 0.9258 1.0787 0.9521 1.1139 0.9722 1.0378 1.1149 1.3031 1.4934 1.7301 1.8647 2.0482 2.1929 2.3453 2.3215 2.6056 2.5222 2.7284 2.8387 3.1047 3.1980 3.1854 3.4051 3.4794 3.6276 3.6961 3.5659 3.2035 3.1504 2.9342 2.7416 2.4153 2.3799 2.2666 2.3495 2.3351 2.0768 2.0402 2.0261 1.9493 1.8174 1.8005 1.7123 1.5841 1.6932
0.1792 0.4349 0.6704 0.5671 0.6396 0.8122 0.9152 0.8861 0.5950 0.4883 0.4822 0.4750 0.6818 0.8109 0.7193 0.7030 0.9194 1.0678 1.1984 1.4125 1.1942 0.8847 0.5871 0.3608 0.3122 0.5812 0.8956 1.1158 0.9064 0.8480 1.0496 1.2351 1.3481 1.5821 1.7708 1.9159 2.0662 2.1327 2.2237 2.2841 2.3350 2.4461 2.4029 2.7817 2.7415 3.1675 3.1330 3.1246 3.2741 3.3429 3.3675 3.2693 3.2426 2.8684 2.8183 2.5578 2.4970 2.2876 2.3177 2.1951 2.1856 2.2381 2.0705 1.9201 1.9699 1.9062 1.7553 1.7208 1.7302 1.5808 1.5733
0.2197 0.4596 0.6534 0.5556 0.6076 0.7869 0.9001 0.7814 0.5180 0.4013 0.3799 0.4117 0.6555 0.8222 0.8249 0.8801 1.0883 1.1778 1.1899 1.2456 1.0144 0.7619 0.6617 0.4974 0.4179 0.4281 0.8011 0.9600 0.8275 1.0137 1.2999 1.5037 1.7540 1.9039 2.0598 2.1552 2.2019 2.1821 2.2182 2.2373 2.4748 2.3581 2.7001 2.7789 2.7154 3.0474 2.9547 3.0165 2.9845 2.9935 3.0120 2.8246 2.8688 2.6059 2.4475 2.3375 2.3844 2.3139 2.1508 2.2236 2.0409 2.1284 1.9345 1.8306 1.9339 1.8195 1.6943 1.6162 1.6457 1.4953 1.4114
0.2321 0.4671 0.6456 0.5308 0.5943 0.7835 0.8355 0.7073 0.4508 0.3336 0.3065 0.4969 0.8848 1.0207 1.0190 1.0551 1.1364 1.1181 1.0548 1.0688 0.8556 0.6913 0.7446 0.5883 0.4882 0.3912 0.7875 0.7214 1.0906 1.4435 1.7005 1.8724 2.0251 2.0709 2.3144 2.3064 2.2637 2.2466 2.2500 2.3770 2.4588 2.3731 2.7674 2.7186 2.7247 2.8334 2.7437 2.8333 2.5853 2.5894 2.6737 2.4740 2.4974 2.3943 2.1977 2.2544 2.2489 2.2499 2.0873 2.1336 1.9852 2.1014 1.9346 1.7595 1.8028 1.7730 1.5980 1.5261 1.4833 1.3867 1.1716
0.3019 0.4972 0.6273 0.5687 0.6456 0.7804 0.7499 0.6333 0.4359 0.4358 0.6248 0.9150 1.2145 1.2793 1.1351 1.0547 1.0152 0.9441 0.8286 0.9486 0.9047 0.6864 0.7473 0.7737 0.5158 0.6891 0.7395 1.0321 1.5255 1.7900 1.9540 2.0070 2.1019 2.2161 2.3316 2.2921 2.2990 2.2846 2.3008 2.3004 2.2884 2.3674 2.5392 2.4419 2.5537 2.5389 2.4804 2.4245 2.2090 2.1872 2.2963 2.1904 2.1283 2.1272 1.9568 2.0899 2.0354 1.9898 1.9914 1.9998 1.8457 1.9347 1.8868 1.6689 1.5546 1.6055 1.4296 1.3201 1.2702 1.2149 1.1171
0.3747 0.5342 0.6417 0.5850 0.6438 0.7415 0.6705 0.5984 0.5875 0.8172 1.1265 1.4472 1.4651 1.3266 1.0127 0.8962 0.8248 0.7736 0.7247 0.9505 0.9760 0.6879 0.7305 0.7937 0.7594 0.8652 1.1509 1.5471 1.9128 2.0218 2.1140 2.1395 2.3203 2.3004 2.2486 2.2282 2.1919 2.1737 2.1940 2.1718 2.1630 2.1867 2.2850 2.0359 2.2609 2.1759 2.2250 2.0143 1.8684 1.9176 1.8817 1.9889 1.8283 1.8085 1.7391 1.8567 1.7729 1.8041 1.7479 1.7909 1.7110 1.6352 1.6532 1.5009 1.2841 1.3646 1.2876 1.1032 1.1116 1.0510 1.0422
0.4534 0.5837 0.6367 0.5759 0.6159 0.6442 0.6053 0.6079 0.7778 1.2117 1.5500 1.4815 1.3644 1.1070 0.7687 0.7168 0.6332 0.6492 0.7552 0.9740 1.0379 0.9463 0.7881 0.9031 1.0094 1.4719 1.8186 2.1323 2.2149 2.3210 2.3789 2.4505 2.4345 2.3442 2.2366 2.1433 2.0505 2.0573 2.0748 2.0416 2.0460 2.0301 2.0564 2.0372 2.0546 1.8853 2.0754 1.8057 1.7227 1.6791 1.6551 1.7777 1.6193 1.6591 1.6345 1.6077 1.5938 1.6294 1.5809 1.5833 1.5386 1.3651 1.4370 1.3200 1.1234 1.2506 1.1962 1.0292 1.0215 0.9181 0.8521
0.5226 0.6142 0.6202 0.5680 0.5598 0.5520 0.5364 0.6598 1.0018 1.4519 1.5756 1.3239 1.2010 0.8129 0.5753 0.5589 0.5029 0.7180 0.7539 1.1002 1.3522 0.9565 1.0339 1.2468 1.7381 2.1994 2.4589 2.4926 2.3775 2.4952 2.5023 2.5202 2.5032 2.3942 2.2031 2.0480 1.9855 1.9863 1.9194 1.9391 1.9831 1.9714 1.8976 2.0676 1.8814 1.7929 1.8989 1.6844 1.6815 1.4670 1.4621 1.5598 1.4149 1.4694 1.4084 1.3543 1.4470 1.3944 1.4499 1.3327 1.3607 1.1963 1.2614 1.2280 0.9902 1.1151 1.0533 0.9590 0.9256 0.8257 0.7164
0.6107 0.6726 0.6512 0.5882 0.5271 0.4918 0.5117 0.7951 1.3124 1.6240 1.4404 1.1394 0.9458 0.6094 0.4491 0.5679 0.6925 0.8689 1.1366 1.2982 1.1313 1.3403 1.4444 2.0299 2.4251 2.8540 2.8408 2.7246 2.4349 2.4402 2.5374 2.5898 2.5508 2.4275 2.2689 1.9983 1.9379 1.9931 1.8705 1.9123 1.9318 1.8558 1.7752 1.8892 1.8471 1.7041 1.6418 1.5785 1.5320 1.2768 1.3109 1.3499 1.2360 1.2161 1.1923 1.1310 1.2874 1.1855 1.2499 1.1648 1.1843 1.1440 1.0978 1.1217 0.9468 0.9178 0.9217 0.8492 0.8169 0.7296 0.6861
0.7457 0.7835 0.6762 0.5634 0.5281 0.5226 0.6202 1.0312 1.4858 1.6042 1.2978 0.8842 0.7119 0.5397 0.5998 0.9111 0.9405 0.9260 1.0854 1.3950 1.5379 1.8457 2.1788 2.6482 3.0672 3.1553 3.0224 2.7647 2.4698 2.2654 2.4467 2.5084 2.5332 2.4023 2.1822 1.9435 1.9331 1.9373 1.8725 1.8158 1.7555 1.7241 1.6393 1.7710 1.4667 1.5106 1.4399 1.3916 1.2324 1.1183 1.1218 1.0949 1.1136 1.0523 1.0096 0.9480 1.0671 1.0089 1.0377 1.0620 1.0013 1.0072 0.9657 0.9768 0.8122 0.7712 0.8142 0.7219 0.7202 0.6284 0.5760
0.9334 0.8984 0.6580 0.5535 0.5474 0.5656 0.7931 1.3066 1.5657 1.4129 0.9416 0.7327 0.8164 0.6743 0.6493 0.9587 1.1051 1.2279 1.1368 1.3561 1.9034 2.3597 2.6691 3.0728 3.2520 3.0608 3.0747 2.6100 2.4016 2.0623 2.2100 2.2986 2.4083 2.1901 2.1112 1.8932 1.7938 1.7666 1.7153 1.6446 1.6185 1.6460 1.5781 1.5422 1.3671 1.3913 1.1968 1.2043 0.9798 0.9360 0.8933 0.9099 0.9711 0.8761 0.8781 0.8160 0.8376 0.8892 0.9018 0.9506 0.9138 0.8777 0.8248 0.8677 0.7241 0.6309 0.7430 0.6592 0.6269 0.5849 0.5173
1.2571 1.0546 0.6312 0.5544 0.5792 0.6925 1.0387 1.4407 1.4121 1.0389 0.7038 0.7298 0.8810 0.8762 0.6533 1.0123 1.0502 1.0754 1.1848 1.5475 2.3026 2.7134 3.0547 3.1849 3.0583 2.8994 2.7514 2.3288 2.2622 1.9336 1.9570 2.1058 2.1554 2.1006 2.0138 1.7665 1.6563 1.5982 1.5676 1.5305 1.5205 1.5720 1.5167 1.3527 1.4321 1.2052 0.9803 1.0177 0.8234 0.8088 0.7305 0.7513 0.8508 0.7338 0.7652 0.7089 0.6728 0.7748 0.7507 0.8067 0.8104 0.8837 0.8112 0.8068 0.7239 0.5820 0.6162 0.6594 0.5360 0.5540 0.4841
1.3770 1.1092 0.6255 0.5690 0.6553 0.8092 1.1102 1.3304 1.0815 0.7573 0.6035 0.6608 0.8843 1.0505 0.9728 1.0078 0.8848 1.0400 1.4623 2.0380 2.7493 3.0404 3.2978 3.0150 2.8285 2.5078 2.4024 2.2936 2.1759 1.8595 1.7404 1.8925 1.9934 1.9376 1.8058 1.6939 1.5557 1.4963 1.4802 1.3819 1.3171 1.3520 1.2667 1.1273 1.1477 0.9885 0.8052 0.7785 0.7163 0.6986 0.6107 0.6267 0.6837 0.6432 0.6112 0.5609 0.5429 0.6132 0.6320 0.6448 0.7260 0.8248 0.7960 0.8208 0.7129 0.5795 0.5254 0.6162 0.5496 0.5137 0.6151
1.5318 1.2112 0.6571 0.6042 0.7254 0.9263 1.0607 0.9935 0.8136 0.6441 0.5394 0.5438 0.9320 1.0874 1.1781 0.9391 0.9688 1.3928 1.9654 2.5230 2.8485 2.8561 2.9609 2.6536 2.4955 2.1989 2.2679 2.3187 1.8959 1.7699 1.5879 1.7307 1.8036 1.7566 1.6921 1.6209 1.4287 1.3767 1.2784 1.1547 1.0734 1.0293 0.9849 0.8442 0.8547 0.6804 0.6344 0.5831 0.5885 0.5371 0.5094 0.5077 0.5204 0.5284 0.4708 0.4242 0.3959 0.4656 0.5109 0.5722 0.6232 0.7074 0.6880 0.7453 0.7570 0.5510 0.4692 0.5998 0.5886 0.6394 0.8350
1.7391 1.2744 0.5955 0.6650 0.8572 0.9327 0.8479 0.7099 0.6478 0.5078 0.4239 0.5639 0.8398 1.0434 1.1534 0.9814 1.4283 2.0161 2.5809 2.9189 2.8420 2.6109 2.5302 2.3162 2.1086 1.9617 1.9832 1.9395 1.7291 1.6768 1.4465 1.5440 1.6099 1.6544 1.5451 1.4714 1.2860 1.1351 1.0269 0.9148 0.8004 0.7592 0.7249 0.6231 0.6025 0.5774 0.5102 0.4512 0.4624 0.3546 0.4094 0.3821 0.3652 0.3939 0.3532 0.3257 0.2784 0.3753 0.4678 0.4424 0.4682 0.5938 0.6388 0.6338 0.7583 0.6067 0.4572 0.6532 0.8069 0.8790 1.0897
1.6302 1.2976 0.7083 0.7152 0.8605 0.9497 0.7854 0.5959 0.5112 0.4025 0.3753 0.6331 0.7465 1.1038 1.0593 1.3692 1.9510 2.4248 2.8855 2.8809 2.6323 2.2851 2.0461 1.9499 1.8291 1.7726 1.6726 1.5619 1.5664 1.3851 1.2298 1.2730 1.3746 1.4350 1.2968 1.2000 1.0625 0.8560 0.7793 0.6744 0.5626 0.5347 0.5048 0.4738 0.4236 0.5283 0.3922 0.3401 0.3545 0.2869 0.2866 0.3007 0.3380 0.3755 0.3211 0.3125 0.2837 0.2858 0.3830 0.4058 0.3672 0.4614 0.5813 0.5885 0.7074 0.6755 0.5461 0.7982 1.0265 1.1580 1.3862
1.2547 1.1516 0.7644 0.7080 0.8402 0.9522 0.8695 0.5805 0.4454 0.4293 0.5292 0.5068 0.8462 1.0466 1.3491 1.8372 2.2348 2.4928 2.5624 2.4559 2.2073 1.9294 1.8067 1.7986 1.7185 1.6542 1.4382 1.3364 1.2627 1.1456 1.0668 0.9862 1.0243 1.1013 0.9948 0.8899 0.7883 0.6479 0.5513 0.4678 0.3792 0.3607 0.3377 0.3275 0.3033 0.3391 0.2878 0.2414 0.2376 0.2712 0.2792 0.2634 0.3314 0.3383 0.3170 0.2959 0.2712 0.2722 0.3475 0.3986 0.3696 0.3986 0.5334 0.5171 0.6405 0.7774 0.7107 0.9978 1.3424 1.4827 1.5922
0.9762 0.9985 0.7834 0.7262 0.8322 0.9240 0.8751 0.6087 0.4764 0.6272 0.5028 0.8399 0.9268 1.4053 1.8106 2.3366 2.4435 2.3146 2.1838 2.1081 1.9954 1.8302 1.6897 1.6661 1.6038 1.4286 1.2419 1.1182 1.0693 0.9655 0.8730 0.7533 0.7654 0.7652 0.7299 0.6192 0.5609 0.4948 0.3771 0.3184 0.2655 0.2475 0.2301 0.2148 0.1787 0.1773 0.1899 0.1896 0.1839 0.2116 0.2519 0.2573 0.2618 0.2973 0.3072 0.2777 0.2380 0.2340 0.3165 0.4138 0.4073 0.3981 0.4971 0.5342 0.6571 0.8511 0.8385 1.2188 1.6363 1.6003 1.5065
0.8388 0.8990 0.7597 0.7045 0.8511 0.9700 0.8601 0.6443 0.7228 0.6440 0.8107 0.9574 1.3993 1.8297 2.3271 2.5224 2.3134 2.0258 1.8381 1.7833 1.7701 1.6450 1.4576 1.4727 1.3515 1.1413 0.9974 0.8662 0.8354 0.7510 0.7103 0.5976 0.5753 0.5011 0.4919 0.4358 0.3752 0.3157 0.2597 0.2220 0.1837 0.1536 0.1256 0.1246 0.1162 0.0793 0.1131 0.1158 0.1564 0.1880 0.2083 0.2394 0.2279 0.2508 0.2781 0.2877 0.2482 0.2505 0.3086 0.3823 0.4145 0.4407 0.5355 0.5817 0.7480 1.0119 1.0868 1.3767 1.6854 1.6570 1.7888
0.7137 0.7972 0.7489 0.7483 0.8841 1.0124 0.9599 0.7410 0.7883 0.9042 1.0131 1.4509 1.9271 2.3080 2.6392 2.4925 2.1231 1.7420 1.5455 1.5091 1.5815 1.4401 1.2903 1.2151 1.0956 0.8959 0.8090 0.7079 0.6576 0.6334 0.5652 0.4720 0.3917 0.3270 0.3278 0.3030 0.2341 0.1973 0.1509 0.1198 0.1025 0.0792 0.0690 0.0566 0.0696 0.0433 0.0687 0.0587 0.0972 0.1418 0.1715 0.2044 0.2187 0.2396 0.2702 0.2911 0.2693 0.2541 0.3115 0.3909 0.4271 0.4605 0.5894 0.7214 0.9202 1.1414 1.2239 1.3875 1.6298 1.9764 1.8305
0.6223 0.7535 0.7616 0.8170 0.9883 1.1168 1.0354 0.9674 0.8378 0.9512 1.5596 2.0551 2.3244 2.6800 2.6330 2.2786 1.8259 1.4904 1.3145 1.3628 1.4072 1.2769 1.1538 0.9603 0.8883 0.7334 0.7091 0.5975 0.5358 0.5192 0.4300 0.3680 0.2963 0.2506 0.2338 0.2034 0.1356 0.1347 0.0870 0.0633 0.0532 0.0393 0.0466 0.0600 0.0591 0.0228 0.0294 0.0602 0.0335 0.0982 0.1555 0.1866 0.2050 0.2316 0.2567 0.2873 0.2855 0.2702 0.3175 0.3972 0.4316 0.4818 0.6233 0.7595 0.9473 1.2268 1.3397 1.3494 1.7818 2.1681 1.9413
0.5668 0.7531 0.7997 0.8868 1.1033 1.2346 1.1426 0.6836 0.7725 1.4752 2.0933 2.3475 2.5457 2.6445 2.3681 1.9328 1.5213 1.2821 1.1693 1.2187 1.2285 1.1645 0.9485 0.8092 0.7462 0.6654 0.5878 0.4826 0.4348 0.3926 0.3264 0.2759 0.2401 0.1922 0.1704 0.1270 0.1000 0.0404 0.0545 0.0418 0.0272 0.0366 0.0463 0.0405 0.0614 0.0524 0.0472 0.0315 0.0342 0.0717 0.1363 0.1814 0.2048 0.2265 0.2376 0.2616 0.2869 0.2878 0.3195 0.3825 0.4293 0.4691 0.5982 0.7687 0.9424 1.1723 1.3287 1.4931 1.7837 2.0358 2.1329
0.4854 0.7224 0.8604 0.8928 1.1336 1.3884 1.4336 0.6229 1.3977 1.9123 2.3397 2.4241 2.4037 2.3611 1.9482 1.5589 1.3674 1.1235 1.0342 1.0402 1.0424 0.9645 0.8055 0.7032 0.6101 0.5608 0.4502 0.3889 0.3484 0.2912 0.2419 0.1972 0.1726 0.1379 0.1256 0.1024 0.0920 0.0465 0.0115 0.0338 0.0292 0.0346 0.0470 0.0598 0.0597 0.0458 0.0520 0.0515 0.0411 0.0592 0.1220 0.1711 0.1980 0.2166 0.2344 0.2520 0.2659 0.2786 0.3066 0.3544 0.4189 0.4822 0.6025 0.8146 0.9710 1.0483 1.4065 1.7459 1.6395 1.9409 1.4593
