_input/DEM10_SHD.asc
NCOLS 129
NROWS 89
XLLCORNER 4477375.0000000000
YLLCORNER 5725725.0000000000
CELLSIZE 10.000000
NODATA_VALUE -99999.0000
[rows 32 to 63 of 89, columns 0 to 70 of 129]
1.2585 1.3635 1.4698 1.5027 1.5098 1.5143 1.5761 1.6154 1.5889 1.5846 1.5900 1.5481 1.5531 1.6028 1.6357 1.7595 1.8092 1.7958 1.7610 1.7730 1.8543 1.9170 1.9360 1.8919 1.8722 1.9011 1.9475 1.9665 1.9238 1.8496 1.8088 1.8489 1.8467 1.8335 1.8257 1.8074 1.8004 1.7996 1.7796 1.6303 1.5705 1.3857 1.2405 1.1142 1.0206 1.0040 0.8672 0.8493 0.8652 0.8885 0.8657 0.8758 0.8916 0.8633 0.8170 0.7435 0.7262 0.7577 0.7443 0.7101 0.7028 0.6590 0.6257 0.5942 0.5604 0.5868 0.5791 0.6440 0.6718 0.6260 0.5954
1.2940 1.4020 1.5187 1.5237 1.5100 1.5181 1.5705 1.6065 1.5907 1.5893 1.6174 1.5799 1.6102 1.6663 1.7219 1.8122 1.8569 1.8551 1.8473 1.8548 1.9011 1.9255 1.8907 1.8435 1.8430 1.8657 1.9067 1.8852 1.8013 1.7092 1.6998 1.7112 1.7004 1.6788 1.6581 1.6576 1.6603 1.6429 1.4276 1.2158 1.1474 0.9552 0.9856 0.8574 0.8131 0.9043 0.8613 0.8052 0.8560 0.9420 0.8180 0.7507 0.8013 0.7531 0.6981 0.6485 0.6783 0.7295 0.7453 0.7220 0.7124 0.7067 0.6628 0.5918 0.5583 0.6029 0.5762 0.6234 0.7016 0.6414 0.5988
1.2860 1.4382 1.5208 1.4814 1.4623 1.4791 1.5305 1.5835 1.5733 1.6010 1.6370 1.6216 1.6668 1.7328 1.7749 1.8248 1.8636 1.8493 1.8393 1.8408 1.8839 1.8542 1.7897 1.7712 1.7726 1.7900 1.7908 1.7113 1.6008 1.5173 1.5310 1.5358 1.5391 1.5091 1.5142 1.4876 1.4612 1.2457 0.9644 0.9503 0.9287 0.8395 0.8520 0.8355 0.8021 0.8706 0.8745 0.7499 0.8281 0.9145 0.7776 0.6506 0.6778 0.6815 0.6651 0.6231 0.6367 0.7147 0.7492 0.7109 0.6981 0.7201 0.6920 0.6186 0.5529 0.5892 0.5896 0.6085 0.6909 0.6848 0.6239
1.3116 1.4152 1.4563 1.4185 1.4216 1.4333 1.5031 1.5705 1.5991 1.6213 1.6489 1.6280 1.6723 1.7383 1.7265 1.7636 1.7820 1.7718 1.7472 1.7839 1.8042 1.7369 1.6795 1.6646 1.6409 1.6285 1.5781 1.4736 1.4099 1.4115 1.4046 1.3979 1.4150 1.3807 1.3233 1.2412 1.0597 0.8599 0.8209 0.8897 0.9052 0.8530 0.8206 0.8320 0.8208 0.8507 0.8758 0.7311 0.7463 0.8051 0.7180 0.6112 0.6397 0.6746 0.6548 0.6205 0.6340 0.6799 0.7132 0.7214 0.6974 0.7141 0.7078 0.6390 0.5671 0.5762 0.5721 0.5952 0.7032 0.6732 0.6322
1.2638 1.3706 1.4374 1.4144 1.4215 1.4374 1.5067 1.6030 1.6128 1.6155 1.6281 1.5570 1.6073 1.6549 1.5839 1.6039 1.6217 1.5986 1.5881 1.6574 1.6734 1.6084 1.5403 1.4865 1.4571 1.4392 1.3965 1.3570 1.3688 1.3727 1.3662 1.3523 1.3405 1.1987 1.0297 0.8528 0.7429 0.8086 0.8462 0.8556 0.8542 0.8377 0.7887 0.8341 0.8320 0.7975 0.8474 0.7587 0.7110 0.7124 0.6876 0.6148 0.6093 0.6596 0.6813 0.6392 0.6129 0.6882 0.7170 0.6934 0.6823 0.6999 0.7185 0.6600 0.6015 0.5651 0.5869 0.5819 0.6775 0.7210 0.6505
1.2482 1.3564 1.4351 1.4155 1.4048 1.4255 1.5105 1.6136 1.6002 1.6097 1.5525 1.4421 1.5180 1.5034 1.3669 1.3939 1.4544 1.4770 1.5215 1.6056 1.6206 1.5280 1.4170 1.2853 1.2722 1.3071 1.3384 1.3546 1.3689 1.4021 1.3354 1.2529 1.0985 0.8430 0.7454 0.6906 0.6775 0.7898 0.8325 0.7580 0.7521 0.8128 0.7641 0.8087 0.8288 0.7404 0.7837 0.7714 0.7461 0.7048 0.6870 0.6291 0.6030 0.6466 0.6594 0.6604 0.6232 0.6588 0.7242 0.7237 0.6764 0.6741 0.7289 0.6688 0.6120 0.5988 0.5736 0.6173 0.6838 0.7251 0.6832
1.2093 1.3354 1.4284 1.3853 1.3966 1.4424 1.5410 1.6256 1.6034 1.5691 1.4490 1.3350 1.4114 1.3894 1.2815 1.3445 1.4463 1.4970 1.5553 1.6374 1.6086 1.5117 1.3031 1.1766 1.2245 1.2847 1.3131 1.3096 1.3666 1.3410 1.1519 0.9647 0.7262 0.6326 0.6195 0.6091 0.6507 0.7381 0.7629 0.6785 0.7752 0.7750 0.6869 0.7777 0.8449 0.7459 0.7244 0.7831 0.7548 0.7078 0.7253 0.6642 0.5789 0.6498 0.6779 0.6607 0.6349 0.6641 0.6971 0.7116 0.6973 0.6757 0.7263 0.7012 0.6189 0.5962 0.6033 0.6197 0.6792 0.7517 0.7019
1.1754 1.3035 1.4365 1.4077 1.4310 1.4942 1.5821 1.6373 1.5920 1.5144 1.3453 1.2298 1.3625 1.3950 1.2979 1.3542 1.4405 1.5063 1.5653 1.6048 1.5949 1.4989 1.2779 1.1680 1.1517 1.1847 1.2351 1.3276 1.2923 1.1095 0.8776 0.6644 0.6006 0.6140 0.5747 0.5638 0.5944 0.6452 0.6825 0.6617 0.7093 0.7470 0.7103 0.7421 0.7996 0.7741 0.7319 0.7401 0.7603 0.7571 0.7172 0.6805 0.6283 0.6470 0.6831 0.6986 0.6613 0.6570 0.7394 0.7401 0.6940 0.6381 0.7138 0.7103 0.6534 0.6407 0.6258 0.6318 0.6400 0.7371 0.7362
1.0723 1.3241 1.5072 1.4407 1.4596 1.5299 1.5995 1.6301 1.5369 1.3766 1.2157 1.1817 1.3613 1.3769 1.2701 1.3093 1.4325 1.5047 1.5581 1.6089 1.6286 1.5105 1.2974 1.1037 1.0580 1.1111 1.2391 1.2512 1.0567 0.8588 0.6377 0.5788 0.5876 0.5763 0.5306 0.5190 0.5443 0.5823 0.6264 0.6346 0.6708 0.7343 0.7189 0.7063 0.7765 0.7452 0.6949 0.7455 0.7507 0.7371 0.7382 0.7044 0.6370 0.6667 0.7121 0.7079 0.6946 0.6962 0.7522 0.7497 0.7849 0.6895 0.6280 0.7255 0.7043 0.6436 0.6339 0.6831 0.6435 0.6963 0.7581
1.1041 1.4063 1.5372 1.4512 1.4847 1.5529 1.6035 1.5831 1.4309 1.2628 1.1727 1.1417 1.3114 1.3344 1.2998 1.3883 1.5188 1.5998 1.6438 1.7130 1.6879 1.5318 1.2991 1.0741 1.0002 1.0279 1.2012 1.1051 0.8031 0.6532 0.5912 0.5337 0.5077 0.5177 0.4670 0.4732 0.5073 0.5498 0.5974 0.6265 0.6250 0.6674 0.7131 0.7054 0.7275 0.7286 0.6736 0.6947 0.7375 0.7452 0.7059 0.7072 0.6859 0.6600 0.7117 0.7421 0.7459 0.7249 0.7666 0.7754 0.7889 0.7471 0.6533 0.6869 0.7312 0.6910 0.6566 0.7125 0.6991 0.6582 0.7217
1.1972 1.4514 1.5499 1.4730 1.5027 1.5464 1.5876 1.5428 1.3400 1.2010 1.1247 1.1183 1.3289 1.4259 1.4656 1.5312 1.6475 1.7158 1.7495 1.7792 1.6832 1.4978 1.2703 1.0662 0.9695 1.0101 1.1279 0.8674 0.5844 0.5371 0.5246 0.4958 0.4696 0.4760 0.4480 0.4566 0.4941 0.5122 0.5615 0.6069 0.6058 0.6776 0.6773 0.6399 0.6899 0.6878 0.6471 0.6725 0.7060 0.7288 0.7124 0.6965 0.6894 0.6721 0.7219 0.7695 0.7854 0.7598 0.7908 0.7559 0.7800 0.7794 0.6896 0.7136 0.7474 0.7018 0.6531 0.7213 0.7256 0.6759 0.7318
1.2778 1.4733 1.5547 1.4758 1.4821 1.5477 1.5835 1.4971 1.2957 1.1864 1.1132 1.2081 1.4787 1.6000 1.6324 1.6874 1.7625 1.7826 1.7711 1.7448 1.6138 1.4285 1.2281 1.0914 0.8857 0.9258 0.8518 0.6530 0.5489 0.4436 0.4221 0.4474 0.4487 0.4664 0.4637 0.4561 0.4963 0.5142 0.5531 0.5937 0.5932 0.6453 0.6675 0.6199 0.6375 0.6571 0.6299 0.6211 0.6719 0.7348 0.7084 0.6872 0.7141 0.6701 0.7215 0.8047 0.8098 0.7633 0.7940 0.8100 0.7841 0.7860 0.7151 0.6968 0.7469 0.7534 0.6897 0.7171 0.7451 0.6839 0.7286
1.2986 1.4942 1.5557 1.4787 1.5063 1.5906 1.5822 1.4728 1.2942 1.1909 1.2548 1.4846 1.7102 1.7779 1.7804 1.7940 1.7977 1.7684 1.7073 1.6435 1.5023 1.3237 1.1660 1.0143 0.8395 0.8211 0.5916 0.5422 0.4474 0.3947 0.4049 0.4087 0.4215 0.4548 0.4837 0.4823 0.5116 0.5160 0.5432 0.5640 0.5858 0.6229 0.6334 0.6235 0.6254 0.6172 0.5976 0.5974 0.6336 0.7128 0.7360 0.6742 0.6919 0.7119 0.7405 0.7929 0.7888 0.8119 0.8246 0.7965 0.7996 0.8203 0.7612 0.6848 0.7547 0.7910 0.6948 0.7239 0.7633 0.7272 0.7373
1.3746 1.5283 1.5604 1.5233 1.5528 1.6049 1.5523 1.4470 1.3115 1.4030 1.5869 1.7715 1.8729 1.8888 1.8408 1.8015 1.7558 1.6794 1.5758 1.5211 1.4242 1.2040 1.0972 1.0120 0.8586 0.5592 0.3421 0.3615 0.3863 0.3906 0.4040 0.4043 0.3927 0.4030 0.4507 0.4907 0.5313 0.5328 0.5333 0.5535 0.5701 0.5780 0.5802 0.5886 0.6033 0.6122 0.5584 0.5459 0.6129 0.6761 0.7348 0.6922 0.6779 0.7030 0.7247 0.7917 0.8006 0.8084 0.8353 0.8298 0.7893 0.8114 0.8210 0.7020 0.7321 0.8433 0.7451 0.7419 0.7957 0.7908 0.7667
1.4500 1.5577 1.5858 1.5397 1.5551 1.5720 1.4923 1.4261 1.4249 1.6358 1.7914 1.9000 1.9121 1.8788 1.7805 1.7070 1.6394 1.5216 1.4421 1.4275 1.3136 1.1329 1.0940 1.0017 0.6238 0.3155 0.2594 0.3428 0.4066 0.4350 0.4345 0.3976 0.3779 0.3797 0.4108 0.4591 0.5103 0.5203 0.5400 0.5451 0.5409 0.5531 0.5607 0.5179 0.5460 0.5853 0.5562 0.4983 0.5615 0.6363 0.7297 0.7037 0.6526 0.7181 0.7182 0.7608 0.8051 0.8211 0.8288 0.8316 0.7949 0.8083 0.8667 0.7585 0.7596 0.8758 0.7713 0.7695 0.8227 0.7768 0.7987
1.5102 1.5826 1.5814 1.5276 1.5355 1.5054 1.4404 1.4184 1.5520 1.7510 1.8629 1.8623 1.8391 1.7582 1.6115 1.5426 1.4409 1.3604 1.3415 1.2982 1.3108 1.1952 1.0433 0.7145 0.3698 0.2867 0.2851 0.3728 0.4516 0.5108 0.5047 0.4411 0.3777 0.3707 0.3876 0.4453 0.5016 0.4980 0.5148 0.5484 0.5397 0.5129 0.5804 0.5204 0.4735 0.5529 0.5663 0.4989 0.5143 0.6075 0.7127 0.7088 0.6924 0.7057 0.6720 0.7596 0.8227 0.8164 0.8370 0.8334 0.8203 0.8386 0.9028 0.8114 0.7864 0.8793 0.8254 0.8261 0.8354 0.7961 0.8343
1.5506 1.5959 1.5736 1.5363 1.5145 1.4703 1.4195 1.4840 1.6798 1.8328 1.8545 1.7865 1.7449 1.5815 1.4269 1.3678 1.3138 1.3155 1.2784 1.3648 1.3787 1.0292 0.6790 0.4375 0.3332 0.3574 0.3584 0.3964 0.4640 0.5585 0.5666 0.5065 0.4072 0.3647 0.3653 0.4232 0.4964 0.4819 0.5001 0.5448 0.5453 0.5056 0.5292 0.5459 0.4848 0.5035 0.5593 0.5299 0.5117 0.5748 0.6989 0.7163 0.6771 0.6961 0.6926 0.7657 0.8079 0.8161 0.8495 0.8421 0.8771 0.8787 0.9238 0.8744 0.7975 0.8728 0.8668 0.8671 0.8829 0.8609 0.8816
1.5992 1.6360 1.6131 1.5638 1.5113 1.4734 1.4696 1.6300 1.8082 1.8788 1.8366 1.7340 1.6262 1.4166 1.3107 1.3572 1.3312 1.3280 1.3169 1.2944 1.0363 0.5962 0.4326 0.4327 0.4018 0.4201 0.3943 0.4121 0.4461 0.5719 0.6354 0.5508 0.4431 0.3937 0.3734 0.3992 0.4970 0.5008 0.4795 0.5321 0.5534 0.5159 0.5105 0.5222 0.4955 0.4838 0.5422 0.5301 0.5160 0.5988 0.6731 0.7319 0.7230 0.6896 0.6756 0.7284 0.8074 0.8108 0.8772 0.8892 0.9063 0.9102 0.9247 0.9351 0.8391 0.8858 0.9289 0.9208 0.9248 0.9295 0.9646
1.6588 1.6947 1.6362 1.5521 1.5195 1.5083 1.5658 1.7541 1.8705 1.8712 1.7809 1.5879 1.4771 1.3417 1.3347 1.3059 1.1706 1.1043 0.9458 0.8929 0.6773 0.4866 0.4349 0.4580 0.4515 0.4624 0.4311 0.4241 0.4406 0.5252 0.6571 0.6180 0.4810 0.3940 0.3798 0.3910 0.4655 0.5036 0.4970 0.5136 0.5696 0.5363 0.4827 0.4855 0.4541 0.4845 0.5262 0.5197 0.5116 0.5909 0.6467 0.7659 0.7552 0.6952 0.7010 0.7071 0.7876 0.8450 0.9100 0.9052 0.9114 0.9433 0.9899 0.9826 0.9031 0.9604 0.9660 0.9555 0.9755 0.9915 0.9650
1.6987 1.7397 1.6211 1.5455 1.5331 1.5426 1.6681 1.8429 1.8863 1.8238 1.6090 1.4308 1.4065 1.2913 1.1483 0.9494 0.8789 0.8069 0.6948 0.6902 0.5676 0.4873 0.4452 0.4583 0.4729 0.4768 0.4645 0.4147 0.4422 0.4862 0.6389 0.6321 0.5211 0.4111 0.3737 0.3549 0.4281 0.4722 0.4778 0.5155 0.5714 0.5601 0.4868 0.5451 0.4659 0.3826 0.5091 0.5585 0.5066 0.5846 0.6580 0.7720 0.7629 0.7363 0.7252 0.6730 0.7920 0.8828 0.9053 0.9225 0.9718 1.0114 1.0327 1.0539 0.9985 0.9772 0.9869 1.0048 1.0303 1.0523 1.0582
1.7914 1.7771 1.6038 1.5418 1.5495 1.6151 1.7544 1.8552 1.8271 1.6602 1.4093 1.3118 1.2783 1.1326 0.8422 0.6967 0.6913 0.6986 0.6435 0.5371 0.4828 0.4750 0.4502 0.4464 0.4625 0.4745 0.4723 0.4099 0.4272 0.4461 0.6063 0.6509 0.5403 0.4260 0.3858 0.3479 0.3810 0.4449 0.4513 0.4756 0.5606 0.5701 0.4954 0.5327 0.5519 0.4231 0.4742 0.5849 0.5704 0.5837 0.6462 0.7657 0.7960 0.7647 0.7348 0.7145 0.8003 0.8726 0.9205 0.9513 1.0461 1.0934 1.0864 1.0866 1.0497 0.9767 0.9805 1.0549 1.1027 1.1122 1.2195
1.8409 1.7927 1.6122 1.5701 1.6022 1.6733 1.7738 1.7884 1.6589 1.4354 1.2382 1.1265 1.1439 1.0682 0.7105 0.5146 0.5960 0.6428 0.5051 0.3964 0.4467 0.4877 0.4741 0.4300 0.4447 0.4660 0.4928 0.4190 0.4183 0.4309 0.5500 0.6502 0.5627 0.4385 0.3860 0.3491 0.3560 0.4147 0.4273 0.4417 0.5145 0.5596 0.5160 0.5211 0.5522 0.4800 0.4757 0.5947 0.6025 0.6120 0.7120 0.7478 0.8091 0.8170 0.7504 0.7540 0.8110 0.9111 0.9705 1.0168 1.0966 1.0943 1.0963 1.0890 1.0906 1.0137 0.9979 1.1557 1.2035 1.2618 1.4456
1.8574 1.8174 1.6117 1.5733 1.6407 1.7188 1.7478 1.6511 1.4732 1.3041 1.0662 1.0200 1.1564 0.9926 0.5051 0.4375 0.5352 0.5207 0.4293 0.3587 0.3811 0.4389 0.4748 0.4136 0.4206 0.4371 0.4877 0.4545 0.3961 0.4367 0.5165 0.6238 0.5844 0.4696 0.3944 0.3535 0.3212 0.3833 0.4025 0.4140 0.4791 0.5314 0.5047 0.5111 0.5761 0.5302 0.5101 0.5991 0.6073 0.6539 0.7478 0.7529 0.8528 0.8676 0.8277 0.8308 0.8677 0.9460 1.0453 1.0710 1.0508 1.0750 1.0903 1.1348 1.1816 1.0825 1.0991 1.2597 1.3501 1.4950 1.6309
1.8487 1.7438 1.5024 1.5343 1.6265 1.6544 1.6161 1.4854 1.3725 1.1635 1.0143 1.0793 1.1309 0.7872 0.3886 0.3540 0.4464 0.4954 0.4690 0.3994 0.3628 0.3764 0.4202 0.3775 0.3596 0.3819 0.4253 0.4785 0.4154 0.3907 0.4625 0.5948 0.5985 0.4915 0.4069 0.3802 0.3050 0.3291 0.3822 0.3784 0.4535 0.5332 0.5368 0.5203 0.6340 0.5963 0.4864 0.6152 0.6366 0.7242 0.8106 0.8067 0.9238 0.9638 0.9278 0.9250 0.9290 1.0167 1.0654 1.0065 1.0346 1.1156 1.1572 1.2000 1.2331 1.2011 1.2029 1.3884 1.5533 1.6459 1.7535
1.8488 1.6726 1.4954 1.4779 1.5204 1.5310 1.4771 1.3865 1.2523 1.1084 1.1081 1.1134 0.9644 0.4851 0.2508 0.2556 0.3787 0.4620 0.4896 0.4250 0.3563 0.3403 0.3790 0.3606 0.3159 0.3295 0.3474 0.3970 0.4027 0.3625 0.3974 0.5144 0.5727 0.5093 0.4070 0.3784 0.3334 0.2959 0.3616 0.3913 0.4494 0.5241 0.5612 0.5704 0.6310 0.6162 0.5822 0.6588 0.7393 0.8173 0.8259 0.9153 1.0498 1.0028 0.9558 0.9700 0.9461 0.9462 1.0157 1.0781 1.0970 1.1485 1.2268 1.2404 1.2713 1.3049 1.3482 1.5317 1.6748 1.7559 1.8405
1.8124 1.6275 1.4663 1.3985 1.4396 1.4608 1.4330 1.3207 1.1754 1.2183 1.1109 0.9257 0.5851 0.3119 0.2126 0.2605 0.3465 0.4262 0.4685 0.4253 0.3204 0.2932 0.3356 0.3306 0.2910 0.3165 0.3239 0.3722 0.3680 0.3217 0.3150 0.3961 0.4953 0.4994 0.4229 0.3711 0.3694 0.3292 0.3613 0.4342 0.4977 0.5614 0.5992 0.6168 0.6283 0.6482 0.6937 0.7246 0.8092 0.8952 0.9091 0.9972 0.9879 0.9431 0.9723 0.9781 0.9382 0.9822 1.0884 1.1568 1.1565 1.2009 1.2664 1.2573 1.3394 1.4387 1.4870 1.6282 1.7705 1.8328 1.8541
1.7016 1.5674 1.4247 1.3609 1.4075 1.4586 1.4512 1.3007 1.2812 1.2126 0.9125 0.5837 0.3131 0.2643 0.2623 0.3167 0.3422 0.3927 0.4535 0.4424 0.3281 0.2753 0.3231 0.3379 0.2689 0.2793 0.3039 0.3528 0.3770 0.3110 0.2984 0.3485 0.4057 0.4580 0.4500 0.3904 0.4184 0.4105 0.4408 0.5133 0.5525 0.5898 0.6478 0.6752 0.6992 0.7327 0.7862 0.8174 0.8699 0.8887 0.9513 0.9722 0.9410 1.0141 1.0402 1.0334 1.0149 1.0484 1.1410 1.2077 1.2006 1.2254 1.2933 1.3285 1.4332 1.5355 1.5796 1.7245 1.8088 1.8208 1.7885
1.6297 1.5320 1.3986 1.3630 1.4435 1.5124 1.4806 1.3931 1.3092 1.0186 0.5245 0.3351 0.2758 0.2708 0.3188 0.3354 0.3369 0.3599 0.4266 0.4295 0.3231 0.2557 0.2684 0.3165 0.2480 0.2325 0.2740 0.3132 0.3712 0.3289 0.2910 0.3172 0.3761 0.4560 0.5049 0.4483 0.4506 0.5109 0.5457 0.5832 0.6179 0.6581 0.7372 0.8013 0.7976 0.8092 0.8178 0.8616 0.8879 0.9239 0.9721 0.9845 1.0264 1.0509 1.0833 1.0962 1.0833 1.1006 1.1617 1.2072 1.2328 1.2634 1.3421 1.3915 1.5199 1.6310 1.6740 1.7699 1.7817 1.7718 1.6741
1.5690 1.4836 1.4050 1.4106 1.4910 1.5541 1.5341 1.4314 1.1223 0.6479 0.2958 0.2921 0.3220 0.3204 0.3570 0.3346 0.3119 0.3406 0.4244 0.4288 0.3160 0.2254 0.2295 0.2856 0.2491 0.2200 0.2758 0.3082 0.3698 0.3383 0.3286 0.3633 0.4069 0.5054 0.5406 0.5304 0.5711 0.5943 0.6289 0.6922 0.7168 0.7660 0.8385 0.8552 0.8818 0.8939 0.8590 0.9336 0.9036 0.9476 0.9968 1.0510 1.0667 1.0951 1.1241 1.1287 1.1135 1.1144 1.1653 1.2373 1.2608 1.2846 1.3749 1.4560 1.5647 1.6418 1.6852 1.7337 1.7280 1.6620 1.3442
1.4771 1.4320 1.4149 1.4248 1.5197 1.5567 1.5524 1.3359 0.6929 0.3545 0.2802 0.3454 0.3572 0.3631 0.3618 0.3327 0.2892 0.3171 0.4204 0.4253 0.3261 0.2245 0.2116 0.2679 0.2973 0.2528 0.2849 0.3328 0.3765 0.3712 0.3869 0.4456 0.4889 0.5379 0.5848 0.6072 0.6678 0.7007 0.7484 0.7654 0.7824 0.8403 0.9241 0.9308 0.9629 0.8926 0.9596 0.9647 0.9145 0.9805 1.0605 1.0920 1.1034 1.1284 1.1342 1.1381 1.1298 1.1336 1.1859 1.2443 1.2586 1.2951 1.3787 1.4457 1.5379 1.6170 1.6554 1.6503 1.6096 1.3869 0.9169
1.4086 1.4006 1.4126 1.4258 1.4813 1.5240 1.5501 1.0796 0.3000 0.2773 0.3131 0.3732 0.3860 0.3659 0.3507 0.3021 0.2492 0.3095 0.4116 0.4230 0.3372 0.2459 0.2169 0.2961 0.3379 0.2970 0.3164 0.3998 0.4082 0.4121 0.4506 0.5024 0.5471 0.6012 0.6520 0.7363 0.7392 0.7969 0.8413 0.8368 0.8610 0.9353 0.9552 0.9451 0.9919 0.9598 0.9963 0.9405 0.9710 1.0096 1.0796 1.1100 1.1240 1.1319 1.1260 1.1412 1.1476 1.1556 1.1901 1.2314 1.2509 1.2949 1.3728 1.4624 1.5582 1.6138 1.6011 1.5411 1.3776 1.0377 0.7469
1.3186 1.3687 1.3925 1.3585 1.4175 1.5394 1.5667 0.6470 0.1718 0.2877 0.3317 0.3606 0.3752 0.3508 0.3259 0.3006 0.2360 0.2587 0.4027 0.4075 0.3342 0.2870 0.2441 0.3050 0.3857 0.3712 0.3953 0.4620 0.4682 0.4790 0.5133 0.5693 0.6157 0.6643 0.7297 0.7875 0.8509 0.9286 0.8911 0.8776 0.9210 0.9575 0.9699 1.0114 1.0145 0.9787 1.0067 1.0069 0.9931 1.0336 1.0758 1.1060 1.1201 1.1279 1.1381 1.1555 1.1589 1.1755 1.2035 1.2379 1.2744 1.3328 1.4133 1.5168 1.5936 1.5903 1.5337 1.4048 1.1025 0.7653 0.6173
