_input/DEM10_LS-FB6.asc
NCOLS 129
NROWS 89
XLLCORNER 4477375.0000000000
YLLCORNER 5725725.0000000000
CELLSIZE 10.000000
NODATA_VALUE -99999.0000
[rows 32 to 63 of 89, columns 0 to 69 of 129]
0.1429 0.2316 0.3251 0.3988 0.4627 0.5073 0.5669 0.6419 0.6954 0.7180 0.7383 0.7630 0.7783 0.8214 0.8526 0.8981 0.9820 1.0338 1.0088 0.9399 0.9023 0.9625 1.0846 1.1702 1.1804 1.1169 1.1334 1.2587 1.3659 1.4269 1.3753 1.3474 1.3791 1.4268 1.4975 1.6435 1.8476 2.3508 3.3854 5.9520 6.9086 8.6283 -99999.0000 -99999.0000 0.5071 1.1430 1.8600 2.3702 2.8092 3.1636 3.9081 4.0681 4.0677 3.9837 4.0019 3.7552 3.4713 3.3409 3.5069 3.4475 3.4877 3.5439 3.5184 3.4578 3.1130 2.9705 2.7187 2.5833 2.6739 2.7157
0.1674 0.2715 0.3825 0.4596 0.5234 0.5768 0.6403 0.7131 0.7764 0.8042 0.8274 0.8276 0.8129 0.8578 0.9052 0.9665 1.0675 1.1799 1.2027 1.1490 1.0789 1.0865 1.1453 1.2106 1.3074 1.2951 1.2412 1.3716 1.4604 1.5379 1.5359 1.5594 1.6004 1.7047 1.8097 2.2461 3.6353 5.5944 8.3825 8.6334 8.5832 7.2460 -99999.0000 -99999.0000 0.6299 1.2603 2.1113 2.6949 2.9737 3.4649 4.2614 3.9094 3.8852 3.7423 3.6914 3.5074 3.2796 3.2206 3.3266 3.3755 3.3257 3.3123 3.3920 3.3345 2.9978 2.7770 2.6325 2.3998 2.4374 2.5930
0.1699 0.3053 0.4375 0.5175 0.5822 0.6446 0.7118 0.7885 0.8580 0.8969 0.9403 0.9414 0.9318 0.9505 0.9960 1.0563 1.2088 1.3650 1.4935 1.4299 1.3327 1.2494 1.2152 1.1915 1.2852 1.4501 1.4875 1.6115 1.8457 1.9643 2.0440 2.0865 2.1837 2.3315 3.1684 5.5428 7.2364 8.3412 7.2200 4.6122 3.5161 3.0426 2.6963 -99999.0000 0.6915 1.3327 2.3751 2.9505 3.1516 3.6946 4.2034 3.8181 3.5508 3.4763 3.5236 3.4642 3.2126 3.0892 3.1991 3.2564 3.1489 3.0974 3.1791 3.1522 2.8987 2.5995 2.5085 2.2703 2.2423 2.3846
0.2051 0.3308 0.4445 0.5285 0.5873 0.6541 0.7189 0.8045 0.8820 0.9712 1.0428 1.0974 1.1358 1.2009 1.2490 1.3220 1.5191 1.6952 1.8950 1.9781 2.0188 1.7434 1.4556 1.3280 1.3228 1.6137 1.8780 2.0179 2.0965 2.2666 2.3943 2.4830 2.7714 4.4787 6.8067 7.8394 7.5199 5.2722 3.2211 2.6967 2.9642 2.9490 2.7113 -99999.0000 -99999.0000 1.5579 2.5527 3.1573 3.2993 3.7209 3.9679 3.7544 3.4341 3.3825 3.4180 3.3533 3.1136 3.0200 3.0089 3.0773 2.9996 2.8918 2.9418 2.9454 2.7631 2.4686 2.4062 2.0733 2.1112 2.2099
0.1959 0.3275 0.4483 0.5252 0.5947 0.6533 0.7406 0.8247 0.9296 0.9922 1.1017 1.1938 1.3013 1.4200 1.5548 1.7312 1.8690 2.0516 2.1528 2.3182 2.4351 2.4877 2.1896 2.0147 1.9195 2.0765 2.2419 2.3030 2.3399 2.3913 2.4663 3.2692 5.2097 7.5486 7.5836 5.7987 3.4232 2.4324 2.6771 2.7676 2.9458 2.8595 2.7531 -99999.0000 -99999.0000 1.7861 2.6384 3.1963 3.3931 3.6016 3.7220 3.6881 3.3839 3.2245 3.2168 3.2489 3.0166 2.8227 2.8904 2.9046 2.8527 2.7039 2.7169 2.7159 2.6117 2.3634 2.2417 2.0216 1.9503 2.0369
0.1999 0.3290 0.4530 0.5403 0.6186 0.6715 0.7380 0.8528 0.9360 1.0295 1.1159 1.2194 1.3665 1.5495 1.6314 1.6926 1.7114 1.7324 1.8209 1.9239 2.1782 2.5384 2.7036 2.6744 2.5907 2.3591 2.3473 2.4242 2.5955 2.7460 4.4801 6.2953 7.6592 6.6115 3.9022 2.7404 2.4399 2.3976 2.7391 2.8025 2.7553 2.7407 2.8864 -99999.0000 -99999.0000 1.8720 2.6045 3.0957 3.3726 3.5327 3.5278 3.5902 3.2634 3.0970 3.0343 3.0536 2.9021 2.7080 2.6660 2.7437 2.7102 2.5612 2.4689 2.5851 2.3612 2.2750 2.0963 1.9089 1.8708 1.8898
0.1849 0.3189 0.4506 0.5297 0.5991 0.6661 0.7401 0.8509 0.9510 1.0324 1.1035 1.2168 1.3367 1.3949 1.4214 1.4028 1.4454 1.4662 1.5039 1.6044 1.7427 1.9594 2.3708 2.2971 2.3879 2.5088 2.6104 2.7670 2.9307 4.9321 6.9123 7.1086 5.4995 2.6469 2.5827 2.4504 2.4120 2.4489 2.6861 2.7069 2.5583 2.8816 2.6385 2.1799 -99999.0000 1.7945 2.4648 2.9798 3.3173 3.3279 3.3086 3.4669 3.1569 2.8769 2.8950 2.8526 2.7520 2.5621 2.5332 2.5133 2.5623 2.4028 2.3034 2.3464 2.2416 2.1081 1.9672 1.8701 1.7703 1.7958
0.1596 0.2919 0.4308 0.5118 0.5920 0.6633 0.7671 0.8803 0.9650 1.0650 1.2076 1.2816 1.2624 1.2927 1.2878 1.2734 1.2924 1.3087 1.3696 1.4586 1.5290 1.6196 1.7656 2.0246 2.1688 2.4129 2.7853 3.0436 5.0606 6.6498 6.4512 4.1778 2.4638 2.5053 2.5407 2.4457 2.4173 2.4238 2.5470 2.5836 2.5216 2.6874 2.5733 2.2107 -99999.0000 -99999.0000 2.4397 2.8779 3.0426 3.1467 3.1965 3.1710 2.9992 2.7393 2.6854 2.6079 2.6148 2.3855 2.3305 2.3636 2.4010 2.2894 2.1516 2.1745 2.0397 1.9941 1.8676 1.8017 1.7046 1.6679
0.1045 0.2615 0.4376 0.5162 0.5952 0.6872 0.7912 0.9140 1.0205 1.1317 1.1975 1.1831 1.1820 1.2059 1.1735 1.1004 1.0710 1.0987 1.1325 1.2288 1.3218 1.4070 1.4788 1.6463 2.0220 2.7569 3.4437 4.7575 6.3213 6.1348 3.7921 2.4932 2.4423 2.4679 2.5161 2.4515 2.4212 2.4229 2.4552 2.5105 2.4372 2.5041 2.5228 2.2066 -99999.0000 -99999.0000 2.3555 2.6854 2.8855 2.9275 2.9241 2.9415 2.7784 2.5150 2.4658 2.3938 2.3816 2.2165 2.2051 2.1938 2.1768 2.3118 2.0181 1.9587 1.9274 1.8986 1.7495 1.6897 1.6819 1.5540
0.1047 0.2614 0.4420 0.5167 0.5931 0.6995 0.8158 0.9173 0.9941 1.0692 1.0832 1.0207 0.9790 0.9946 0.9339 0.8818 0.9093 0.9478 1.0065 1.0920 1.2037 1.2868 1.3924 1.6150 2.6694 3.6933 4.3568 6.0668 5.8897 3.5630 2.5730 2.4900 2.4206 2.4397 2.4972 2.4007 2.3970 2.3629 2.3687 2.4008 2.3866 2.3863 2.3592 2.3248 -99999.0000 -99999.0000 2.2418 2.4985 2.6225 2.6795 2.7163 2.5759 2.5362 2.3113 2.2127 2.1440 2.1567 2.0824 2.0536 2.0636 2.0448 2.0945 1.9611 1.8066 1.7918 1.7832 1.6523 1.5752 1.5991 1.4901
0.1314 0.2811 0.4469 0.5284 0.6073 0.7121 0.8088 0.9048 0.9679 0.9340 0.9250 0.7622 0.7245 0.7677 0.7919 0.8109 0.8624 0.9518 1.0138 1.1450 1.2114 1.2919 1.4837 2.0616 3.7595 4.8040 5.4530 6.0064 3.6642 2.4329 2.5100 2.4186 2.4268 2.3848 2.4404 2.3358 2.3625 2.3087 2.2894 2.2862 2.3025 2.2179 2.3497 2.1919 1.7944 -99999.0000 2.0104 2.2618 2.3575 2.4074 2.4118 2.3194 2.2499 2.0875 1.9770 1.9299 1.9926 1.9485 1.9153 1.9445 1.8422 1.9461 1.8123 1.6935 1.6677 1.6555 1.5473 1.4603 1.4969 1.3882
0.1611 0.3080 0.4593 0.5328 0.6038 0.6906 0.7963 0.8712 0.8944 0.8487 0.7630 0.5977 0.6120 0.6901 0.7508 0.8270 0.9199 1.0221 1.1064 1.1970 1.2855 1.3991 1.9065 3.1158 5.1697 4.7741 5.6581 3.5240 2.5504 2.4860 2.4885 2.4071 2.3968 2.2848 2.3410 2.2662 2.2593 2.2328 2.1970 2.1803 2.2163 2.0846 2.2457 2.0454 1.7106 -99999.0000 1.6625 1.9875 2.0721 2.1052 2.1581 2.0408 1.9910 1.8994 1.7605 1.7841 1.8175 1.8116 1.7141 1.8184 1.7132 1.7602 1.6887 1.5867 1.5083 1.5140 1.4660 1.3512 1.3665 1.3040
0.1716 0.3276 0.4761 0.5368 0.5916 0.6902 0.7760 0.8397 0.8352 0.7503 0.6161 0.5420 0.6592 0.7641 0.8377 0.9175 1.0006 1.1023 1.1833 1.3086 1.4065 1.7888 2.5295 4.2665 5.0859 5.5093 3.9057 2.1140 2.4094 2.4280 2.5013 2.4364 2.3345 2.1758 2.2007 2.1342 2.1538 2.1456 2.0965 2.1034 2.0464 2.0145 2.0611 1.8965 1.6282 -99999.0000 -99999.0000 1.7740 1.8129 1.8272 1.8735 1.8560 1.7405 1.6934 1.5922 1.6274 1.6187 1.6139 1.6154 1.6398 1.5660 1.5914 1.5603 1.4825 1.3511 1.3988 1.3494 1.2491 1.2394 1.2090
0.2216 0.3665 0.4948 0.5674 0.6400 0.7275 0.7966 0.8295 0.8249 0.7286 0.7425 0.7207 0.7975 0.9126 0.9546 1.0230 1.0721 1.1839 1.2783 1.4215 1.7827 2.4828 3.2670 5.0238 5.7360 4.7823 2.2115 2.1499 2.2923 2.3704 2.4602 2.4029 2.2958 2.1115 2.0278 1.9800 2.0078 2.0156 1.9920 1.9470 1.9209 1.9040 1.8833 1.7607 1.5309 -99999.0000 -99999.0000 1.5208 1.5789 1.5847 1.6271 1.6574 1.5448 1.5046 1.4240 1.4440 1.4392 1.4374 1.4458 1.4753 1.4309 1.3884 1.4023 1.3883 1.2067 1.2511 1.2695 1.1376 1.1413 1.1120
0.2754 0.4193 0.5379 0.6099 0.6691 0.7556 0.8046 0.8341 0.8392 0.9120 0.9576 1.0186 1.0355 1.1241 1.1042 1.1807 1.2326 1.3693 1.5006 1.8647 2.4329 3.2454 4.3096 5.8162 5.1969 2.5267 2.2058 2.1442 2.1782 2.2573 2.4033 2.3886 2.2593 2.0228 1.9108 1.8484 1.8646 1.8688 1.8251 1.8251 1.7886 1.7365 1.7290 1.6431 1.4928 -99999.0000 -99999.0000 1.3023 1.3635 1.3934 1.3968 1.4970 1.3597 1.3298 1.2933 1.2551 1.2586 1.2857 1.2845 1.2973 1.2813 1.2110 1.2378 1.2713 1.0931 1.1446 1.1683 1.0372 1.0683 1.0262
0.3337 0.4812 0.5865 0.6425 0.6974 0.7455 0.7802 0.8152 0.8450 1.0009 1.1625 1.2800 1.2997 1.3662 1.3480 1.4110 1.5086 1.5648 1.9886 2.6164 2.9990 4.7297 5.7268 5.2942 2.6419 2.4598 2.2777 2.1036 2.0402 2.1075 2.2520 2.3334 2.1769 1.9434 1.7907 1.7017 1.7257 1.7389 1.6756 1.6598 1.6658 1.6008 1.5123 1.5683 1.3737 1.1204 -99999.0000 1.0529 1.1928 1.2063 1.2342 1.2767 1.2065 1.1934 1.1404 1.0706 1.1258 1.1220 1.1325 1.1328 1.1263 1.0772 1.1053 1.1498 1.0208 1.0478 1.0549 0.9839 0.9908 0.9357
0.3846 0.5312 0.6163 0.6607 0.6909 0.7058 0.7189 0.7476 0.8618 1.0292 1.2168 1.3379 1.4481 1.5203 1.5437 1.5761 1.5184 2.2254 2.9425 3.5237 4.8221 5.7710 4.4784 2.5540 2.4608 2.3707 2.2530 2.0326 1.9225 1.9157 2.0673 2.1544 2.1009 1.8604 1.6910 1.5581 1.5900 1.6059 1.5196 1.5171 1.5113 1.4824 1.3731 1.3988 1.2528 1.0397 -99999.0000 -99999.0000 1.0711 1.0495 1.0641 1.1097 1.0598 1.0379 0.9974 0.9364 0.9849 0.9590 0.9926 0.9769 0.9907 0.9856 0.9776 1.0385 0.9520 0.9489 0.9503 0.9176 0.9103 0.8645
0.4489 0.6000 0.6734 0.7135 0.7183 0.7075 0.6853 0.7477 0.9186 1.1226 1.2522 1.3574 1.4680 1.5751 1.5744 1.7011 2.9217 3.8741 4.9122 5.3920 5.2703 3.9163 2.3829 2.3395 2.3211 2.2631 2.1557 1.9522 1.8103 1.7095 1.8501 1.9896 1.9457 1.7493 1.5965 1.4377 1.4280 1.4631 1.3961 1.3597 1.3544 1.3322 1.2497 1.2231 1.1358 0.9527 -99999.0000 -99999.0000 0.9114 0.8939 0.9205 0.9268 0.9438 0.9005 0.8715 0.8024 0.8432 0.8249 0.8384 0.8729 0.8654 0.8896 0.8562 0.9163 0.9041 0.8404 0.8801 0.8585 0.8382 0.7820
0.5477 0.7158 0.7693 0.7746 0.7682 0.7682 0.7619 0.8499 1.0157 1.1914 1.3369 1.4607 1.5406 1.6267 2.0716 4.0222 5.1269 5.2052 4.7045 3.6844 2.9863 2.3538 2.2468 2.1641 2.1497 2.0422 2.0151 1.8030 1.7072 1.5403 1.6316 1.7536 1.8007 1.6139 1.4596 1.3203 1.2873 1.2785 1.2547 1.1993 1.1676 1.1890 1.1066 1.0811 0.9661 0.8964 -99999.0000 -99999.0000 0.7230 0.7527 0.7621 0.7744 0.8256 0.7764 0.7535 0.7081 0.6996 0.7049 0.7237 0.7699 0.7440 0.7727 0.7639 0.8284 0.8166 0.8020 0.8282 0.7920 0.7552 0.7117
0.6917 0.8660 0.8730 0.8501 0.8416 0.8354 0.8544 0.9843 1.1395 1.2726 1.3977 1.5371 1.8635 2.3965 3.9096 4.9474 3.9330 2.9840 2.3356 2.2308 2.3047 2.1362 2.1101 1.9860 1.9181 1.8194 1.8236 1.6475 1.5578 1.4017 1.4302 1.5498 1.5979 1.4677 1.3448 1.2040 1.1261 1.1176 1.0812 1.0315 1.0084 1.0217 0.9678 0.8807 0.8833 0.7837 0.6342 -99999.0000 0.5432 0.5995 0.6282 0.6526 0.6988 0.6596 0.6600 0.6088 0.5728 0.6125 0.6252 0.6575 0.6497 0.6888 0.7023 0.7557 0.7780 0.7642 0.7679 0.7244 0.6758 0.6486
0.9219 1.0482 0.9709 0.9297 0.9122 0.9329 1.0041 1.1508 1.2822 1.4130 1.5641 1.8967 2.0944 3.2257 4.5317 3.8293 2.4989 2.0064 2.2118 2.1199 2.0422 1.9435 1.9545 1.7866 1.6899 1.6061 1.5928 1.4887 1.4040 1.2775 1.2407 1.3556 1.3999 1.3228 1.1928 1.0830 0.9896 0.9541 0.9310 0.8788 0.8436 0.8548 0.8131 0.7240 0.7329 0.6532 0.5244 -99999.0000 -99999.0000 0.5061 0.5168 0.5370 0.5819 0.5611 0.5560 0.5221 0.4875 0.5191 0.5243 0.5581 0.5660 0.6438 0.6721 0.7109 0.7201 0.7264 0.6739 0.6545 0.5994 0.5965
1.0139 1.1659 1.0652 0.9923 0.9858 1.0363 1.1115 1.2615 1.4145 1.5416 1.8024 1.9189 1.9714 3.6740 4.6175 2.7480 1.7338 1.9392 2.1815 2.0139 1.8267 1.7448 1.7550 1.5912 1.4860 1.3700 1.3824 1.3458 1.2418 1.1581 1.0864 1.1608 1.2188 1.1592 1.0441 0.9577 0.8533 0.8098 0.7763 0.7241 0.6821 0.6759 0.6436 0.5845 0.5674 0.5260 0.4346 -99999.0000 -99999.0000 0.4157 0.4248 0.4427 0.4579 0.4739 0.4601 0.4378 0.4189 0.4301 0.4538 0.4781 0.5317 0.5880 0.6143 0.6416 0.6446 0.6606 0.6108 0.5785 0.5894 0.5431
1.1277 1.3108 1.2458 1.2106 1.1718 1.2202 1.2919 1.3774 1.4726 1.6339 1.7757 1.6248 2.1773 4.3974 3.9682 1.8584 1.6781 1.9172 2.0543 1.9342 1.6666 1.5163 1.5095 1.4051 1.2866 1.1911 1.1750 1.1733 1.0701 1.0176 0.9446 0.9926 1.0235 0.9997 0.9059 0.8259 0.7232 0.6632 0.6180 0.5693 0.5304 0.5127 0.4949 0.4436 0.4318 0.4044 0.3698 -99999.0000 -99999.0000 0.3124 0.3359 0.3454 0.3544 0.3860 0.3832 0.3811 0.3629 0.3774 0.3990 0.4545 0.4772 0.5027 0.5275 0.5567 0.6011 0.6122 0.5550 0.5709 0.5694 0.5959
1.2842 1.4601 1.3540 1.3523 1.4509 1.5222 1.5536 1.5296 1.5495 1.6607 1.4616 1.9274 3.2686 4.6502 2.6542 1.6636 1.6955 1.7933 1.9066 1.8251 1.5783 1.3750 1.3138 1.2465 1.1211 1.0402 0.9860 0.9511 0.9437 0.8777 0.8087 0.8190 0.8466 0.8391 0.7557 0.6847 0.6013 0.5201 0.4753 0.4332 0.3904 0.3793 0.3657 0.3368 0.3181 0.3372 0.2888 0.2513 -99999.0000 0.2003 0.2486 0.2656 0.2745 0.3239 0.3440 0.3435 0.3365 0.3488 0.3892 0.3936 0.3943 0.4302 0.4751 0.5061 0.5743 0.5928 0.5507 0.5696 0.6421 0.7184
1.1955 1.3325 1.2546 1.3014 1.4003 1.5286 1.6213 1.5584 1.5996 1.4451 1.5945 3.1050 4.3970 3.5732 1.8770 1.7088 1.6266 1.6412 1.6948 1.6458 1.4397 1.2187 1.1308 1.0934 0.9895 0.9093 0.8388 0.7940 0.7917 0.7304 0.6800 0.6592 0.6770 0.6701 0.6112 0.5419 0.4784 0.4019 0.3551 0.3179 0.2833 0.2736 0.2630 0.2494 0.2292 0.2500 0.2126 0.1908 -99999.0000 -99999.0000 0.1784 0.2166 0.2613 0.3231 0.3219 0.3259 0.3329 0.3180 0.3260 0.3452 0.3563 0.3906 0.4399 0.4875 0.5335 0.5718 0.5565 0.6221 0.7247 0.8365
0.9328 1.1319 1.1371 1.1585 1.2227 1.3029 1.3809 1.4361 1.3645 1.3566 3.1519 4.2023 3.5873 2.0168 1.8712 1.7202 1.5417 1.4916 1.4701 1.4761 1.3203 1.1052 1.0142 0.9701 0.8687 0.7790 0.7080 0.6683 0.6572 0.6164 0.5730 0.5238 0.5208 0.5117 0.4744 0.4187 0.3659 0.3121 0.2608 0.2294 0.2018 0.1936 0.1860 0.1770 0.1621 0.1628 0.1538 0.1420 -99999.0000 -99999.0000 0.1633 0.1993 0.2577 0.2740 0.2798 0.2856 0.2863 0.2734 0.2964 0.3328 0.3655 0.3801 0.4350 0.4635 0.4950 0.5607 0.6035 0.6904 0.8396 0.9843
0.7204 0.9435 0.9981 1.0170 1.0588 1.1146 1.1682 1.2033 1.1167 2.6447 4.0793 3.5692 1.9290 1.8888 1.8377 1.6812 1.4638 1.3203 1.2792 1.2920 1.2076 1.0110 0.8888 0.8460 0.7581 0.6485 0.5933 0.5419 0.5420 0.5109 0.4678 0.4178 0.4039 0.3761 0.3624 0.3160 0.2742 0.2366 0.1920 0.1661 0.1479 0.1355 0.1283 0.1216 0.1079 0.1020 0.1046 0.1093 -99999.0000 -99999.0000 0.1457 0.1883 0.2060 0.2310 0.2538 0.2673 0.2665 0.2667 0.2886 0.3396 0.3730 0.3964 0.4263 0.4662 0.5009 0.5754 0.6407 0.7526 0.9365 1.0999
0.6180 0.8139 0.8871 0.8975 0.9615 1.0498 1.1128 1.0892 1.9825 3.9162 3.7135 1.7398 1.8482 1.7806 1.7418 1.5576 1.3284 1.1785 1.1146 1.1372 1.0738 0.9087 0.7781 0.7259 0.6477 0.5452 0.4916 0.4427 0.4340 0.4166 0.3841 0.3362 0.3092 0.2749 0.2676 0.2439 0.2022 0.1690 0.1417 0.1211 0.1066 0.0919 0.0805 0.0799 0.0791 0.0647 0.0723 0.0755 -99999.0000 -99999.0000 0.1211 0.1638 0.1800 0.2075 0.2334 0.2602 0.2712 0.2810 0.3063 0.3356 0.3693 0.4024 0.4466 0.4829 0.5409 0.6319 0.7341 0.8475 0.9967 1.1623
0.5277 0.7154 0.8084 0.8715 0.9559 1.0618 1.1576 1.3751 3.5295 4.0017 1.7176 1.6725 1.7131 1.6603 1.5672 1.4192 1.1945 1.0318 0.9724 0.9887 0.9513 0.8059 0.6876 0.6120 0.5573 0.4634 0.4141 0.3673 0.3501 0.3397 0.3054 0.2731 0.2358 0.2067 0.2016 0.1813 0.1502 0.1269 0.1026 0.0864 0.0789 0.0612 0.0555 0.0523 0.0566 0.0541 0.0522 0.0494 0.0674 -99999.0000 0.0979 0.1327 0.1642 0.1915 0.2238 0.2542 0.2746 0.2843 0.3053 0.3384 0.3767 0.4134 0.4605 0.5266 0.6138 0.7137 0.8133 0.9349 1.0541 1.3382
0.4660 0.6593 0.7775 0.8845 1.0106 1.1636 1.2414 2.9455 4.0948 1.6157 1.5957 1.5586 1.5487 1.4683 1.3401 1.2164 1.0409 0.9031 0.8386 0.8620 0.8117 0.7080 0.5968 0.5142 0.4726 0.4042 0.3501 0.3070 0.2835 0.2683 0.2381 0.2129 0.1884 0.1644 0.1531 0.1381 0.1081 0.0960 0.0796 0.0725 0.0648 0.0469 0.0426 0.0557 0.0557 0.0533 0.0215 0.0559 0.0381 -99999.0000 -99999.0000 0.1120 0.1484 0.1814 0.2126 0.2436 0.2674 0.2822 0.3039 0.3416 0.3805 0.4172 0.4724 0.5372 0.6163 0.7255 0.8597 0.9875 1.2076 1.9082
0.4232 0.6191 0.7646 0.9012 1.0766 1.2064 1.3101 4.3685 1.3110 1.5290 1.4793 1.3821 1.3593 1.2367 1.1092 1.0160 0.8818 0.7721 0.7271 0.7275 0.6835 0.6032 0.4989 0.4340 0.3948 0.3507 0.2897 0.2534 0.2320 0.2076 0.1842 0.1627 0.1464 0.1262 0.1167 0.1018 0.1015 0.0472 0.0728 0.0725 0.0706 0.0480 0.0550 0.0477 0.0557 0.0587 0.0612 0.0467 0.0412 -99999.0000 -99999.0000 0.1007 0.1411 0.1743 0.2011 0.2245 0.2526 0.2731 0.2974 0.3305 0.3687 0.4014 0.4499 0.5170 0.5980 0.7038 0.8444 1.0343 1.5400 2.0355
0.3735 0.5832 0.7718 0.9130 1.0508 1.1910 1.4530 4.2598 1.3697 1.4181 1.3309 1.2034 1.1245 1.0064 0.8758 0.8178 0.7493 0.6500 0.6076 0.6042 0.5586 0.4887 0.4143 0.3530 0.3176 0.2876 0.2359 0.2073 0.1870 0.1623 0.1406 0.1218 0.1091 0.0946 0.0895 0.0892 0.0859 0.0884 0.0593 0.1155 0.0698 0.0582 0.0551 0.0598 0.0612 0.0566 0.0583 0.0589 0.0508 -99999.0000 -99999.0000 0.0916 0.1307 0.1614 0.1884 0.2140 0.2356 0.2555 0.2787 0.3087 0.3450 0.3859 0.4376 0.5153 0.6105 0.7032 0.8736 1.3223 1.8466 1.6890
