_input/DEM10_SHD.asc
NCOLS 129
NROWS 89
XLLCORNER 4477375.0000000000
YLLCORNER 5725725.0000000000
CELLSIZE 10.000000
NODATA_VALUE -99999.0000
[rows 0 to 31 of 89, columns 0 to 70 of 129]
0.8535 0.8491 0.7897 0.7104 0.7293 0.7353 0.7412 0.7037 0.4552 0.4805 0.4507 0.4074 0.5193 0.5510 0.5991 0.5567 0.5716 0.7264 0.7671 0.8361 0.9219 0.8429 0.6759 0.6801 0.8307 0.9967 1.1117 1.1594 1.1855 1.2522 1.2812 1.2627 1.1897 1.1460 1.1455 1.0838 1.0573 1.0440 1.1712 1.2723 1.2612 1.2064 1.2078 1.2518 1.1945 1.1767 1.2193 1.1887 1.1616 1.1312 1.1366 1.1803 1.1904 1.1937 1.1741 1.1518 1.1056 1.0912 1.0963 1.1067 1.1398 1.1320 1.0915 1.0956 1.1262 1.1195 1.1059 1.0884 1.1304 1.1980 1.2483
0.7685 0.7627 0.7292 0.6865 0.6861 0.6382 0.5264 0.6038 0.6683 0.5621 0.5059 0.5173 0.6200 0.6183 0.6455 0.6280 0.6096 0.7187 0.7944 0.8301 0.8867 0.8617 0.7722 0.7842 0.9429 1.0650 1.1168 1.1408 1.1807 1.2486 1.2542 1.2130 1.1473 1.1390 1.1083 1.0589 1.0444 1.0323 1.1578 1.2463 1.2525 1.2163 1.2172 1.2113 1.1637 1.1861 1.2014 1.2112 1.2139 1.2256 1.2193 1.1903 1.1926 1.2034 1.1788 1.1512 1.1368 1.1394 1.1343 1.1071 1.1123 1.1045 1.0954 1.1056 1.1197 1.1249 1.1337 1.1479 1.2135 1.2672 1.3193
0.6730 0.6793 0.6777 0.6485 0.6270 0.6058 0.5571 0.4374 0.5670 0.5617 0.5392 0.5747 0.6708 0.6810 0.6982 0.6847 0.6644 0.7450 0.8334 0.8591 0.8969 0.9125 0.8826 0.9169 1.0711 1.1465 1.1420 1.1805 1.2706 1.3071 1.2723 1.2627 1.2172 1.1492 1.1001 1.0510 0.9910 1.0387 1.1533 1.2269 1.2556 1.2283 1.2449 1.2196 1.1865 1.1866 1.2694 1.3179 1.2825 1.2454 1.1809 1.1768 1.2109 1.1935 1.1724 1.1574 1.1388 1.1408 1.1031 1.1272 1.1791 1.1444 1.1150 1.1378 1.1606 1.1867 1.2092 1.2479 1.2846 1.2946 1.3187
0.7385 0.7294 0.7048 0.6787 0.6262 0.5902 0.5549 0.5528 0.5870 0.6106 0.6407 0.6603 0.7080 0.7234 0.7297 0.7492 0.7615 0.8112 0.8938 0.9582 0.9717 0.9799 0.9743 1.0453 1.1516 1.1838 1.1924 1.2330 1.2867 1.2539 1.2128 1.1981 1.1074 1.0835 1.0699 0.9885 0.9659 1.1086 1.2721 1.4043 1.4145 1.4044 1.3950 1.3609 1.3288 1.2992 1.3147 1.2873 1.2791 1.2488 1.2377 1.2303 1.1818 1.1537 1.1609 1.1520 1.1331 1.1437 1.1431 1.1597 1.1626 1.1749 1.1819 1.1909 1.2039 1.2394 1.2751 1.2884 1.3123 1.3497 1.3446
0.8313 0.8190 0.7817 0.7722 0.7365 0.6957 0.6437 0.6383 0.6174 0.4744 0.4907 0.6640 0.7712 0.8327 0.7687 0.7698 0.8335 0.8113 1.0054 1.1605 1.1811 1.1749 1.1490 1.1425 1.1849 1.1910 1.1886 1.2011 1.2048 1.1909 1.2137 1.1952 1.2058 1.2335 1.1698 1.1348 1.1786 1.3434 1.4563 1.5346 1.5243 1.5188 1.4554 1.3825 1.3297 1.2920 1.3007 1.3123 1.3070 1.2684 1.2740 1.2229 1.1765 1.1414 1.1408 1.1345 1.1500 1.1648 1.1558 1.1473 1.1866 1.2006 1.1877 1.1857 1.2079 1.2259 1.2407 1.2510 1.2775 1.2543 1.2055
1.0592 1.0121 0.5184 0.4624 0.6421 0.6682 0.6887 0.6869 0.6843 0.6316 0.6080 0.7397 0.8339 0.9524 0.9825 0.9658 1.0030 1.1966 1.2981 1.2854 1.2778 1.3038 1.2678 1.2368 1.2179 1.2330 1.2603 1.3036 1.3019 1.3269 1.3411 1.2921 1.3061 1.2721 1.1853 1.2001 1.2409 1.3361 1.4643 1.5468 1.5132 1.4828 1.4217 1.3246 1.2814 1.2737 1.2718 1.2816 1.2612 1.2518 1.2605 1.2382 1.1642 1.1124 1.1425 1.1704 1.1652 1.1214 1.0713 1.0890 1.1596 1.1552 1.1188 1.1233 1.1230 1.1381 1.1662 1.1621 1.1650 1.1538 1.1510
0.7540 0.8766 0.6936 0.3811 0.5241 0.6093 0.6543 0.6751 0.7100 0.6926 0.7314 0.8016 0.8757 0.9949 1.0541 1.0345 1.0568 1.1510 1.2163 1.2498 1.2556 1.3191 1.2939 1.2545 1.2382 1.2547 1.3030 1.3290 1.3061 1.3441 1.3021 1.2456 1.2941 1.2804 1.2376 1.1833 1.2584 1.4309 1.5368 1.5599 1.4997 1.4634 1.3724 1.2851 1.2663 1.2584 1.2434 1.2867 1.2724 1.2534 1.2638 1.2229 1.1018 1.0836 1.0995 1.1031 1.0760 1.0625 1.0578 1.0800 1.0853 1.0940 1.1094 1.1120 1.0957 1.1223 1.1433 1.1393 1.1671 1.1755 1.2050
0.6680 0.7729 0.6835 0.4732 0.5515 0.6530 0.7185 0.7044 0.7378 0.7772 0.8195 0.8356 0.9504 1.0753 1.0540 0.9973 1.0320 1.1239 1.2710 1.2800 1.3238 1.3936 1.3636 1.3091 1.2810 1.2801 1.3126 1.3113 1.3283 1.3246 1.2712 1.2625 1.3120 1.3161 1.2694 1.2082 1.3470 1.4613 1.5497 1.5357 1.4264 1.3831 1.3445 1.2865 1.2633 1.2499 1.2550 1.3215 1.2691 1.1541 1.1589 1.1198 1.0441 1.0136 1.0277 1.0633 1.0645 1.0596 1.0922 1.0967 1.0754 1.0895 1.1160 1.1242 1.1254 1.1545 1.1684 1.1505 1.1794 1.2133 1.2636
0.5509 0.5893 0.6694 0.6224 0.5816 0.6741 0.6834 0.7047 0.7643 0.7952 0.9024 1.0013 1.0584 1.0708 1.0154 1.0212 1.0796 1.1761 1.2968 1.3008 1.3685 1.4084 1.3735 1.2967 1.2744 1.2689 1.2957 1.3270 1.3461 1.3287 1.2866 1.2778 1.3115 1.3277 1.2770 1.2261 1.3573 1.4652 1.5453 1.4764 1.4031 1.3850 1.3711 1.3067 1.2555 1.2265 1.2505 1.2726 1.1072 0.9967 1.0302 1.0229 1.0223 1.0139 1.0204 1.0686 1.0746 1.0899 1.1239 1.1163 1.0903 1.0898 1.1253 1.1530 1.1600 1.1596 1.1668 1.1628 1.2340 1.3040 1.3106
0.4799 0.5771 0.6843 0.6613 0.6741 0.7375 0.7772 0.7978 0.8020 0.8447 0.9729 1.0734 1.0640 1.0969 1.0974 1.0930 1.1065 1.1864 1.2689 1.3073 1.3729 1.4002 1.3298 1.2654 1.2796 1.2718 1.3037 1.3598 1.3772 1.3379 1.3055 1.2852 1.2749 1.3099 1.3000 1.2741 1.3834 1.4745 1.5439 1.4867 1.4010 1.3359 1.3037 1.2318 1.1468 1.1343 1.1285 1.1167 1.0204 0.9388 0.9808 1.0361 1.0133 1.0023 1.0466 1.0990 1.1422 1.1735 1.1744 1.1586 1.1374 1.1397 1.1641 1.1835 1.1772 1.1829 1.2299 1.2385 1.3105 1.3433 1.3346
0.4706 0.5788 0.7447 0.7405 0.7210 0.7730 0.7782 0.7984 0.8933 0.9446 1.0420 1.0404 1.0463 1.1327 1.1351 1.1274 1.1209 1.1614 1.2322 1.2810 1.3201 1.3458 1.2864 1.2253 1.1812 1.1509 1.2192 1.2971 1.3029 1.2881 1.2816 1.2546 1.2502 1.3051 1.3261 1.4019 1.4151 1.4660 1.4904 1.3614 1.2210 1.1243 1.1504 1.0938 1.0289 1.0642 1.0428 1.0416 1.0437 1.0036 1.0039 1.0300 1.0451 1.0378 1.0863 1.1689 1.2356 1.2456 1.2284 1.2275 1.2137 1.1806 1.1876 1.2283 1.2237 1.2477 1.3032 1.2960 1.3378 1.3935 1.4128
0.4717 0.6070 0.7707 0.7475 0.7422 0.7961 0.8074 0.8505 0.9326 0.9732 0.9487 0.9946 1.0985 1.1496 1.1672 1.1339 1.1113 1.1228 1.1811 1.2386 1.2796 1.3103 1.2172 1.1377 1.1066 1.1029 1.1458 1.1804 1.1957 1.2267 1.2108 1.1540 1.1118 1.2303 1.3642 1.3648 1.1595 1.2542 1.2389 1.1159 1.0248 0.9883 1.0773 1.0728 1.0561 1.0994 1.0925 1.0747 1.0896 1.0414 0.9686 1.0379 1.1289 1.1198 1.1562 1.2180 1.2961 1.3175 1.3007 1.2873 1.2600 1.2309 1.2562 1.2977 1.2837 1.3017 1.3601 1.3463 1.3815 1.4347 1.4379
0.4972 0.6433 0.7874 0.7584 0.7719 0.8327 0.8653 0.8924 0.9648 0.9449 0.9546 1.0851 1.1230 1.1764 1.1844 1.1415 1.1214 1.1057 1.1581 1.1891 1.2447 1.2843 1.2088 1.1383 1.1101 1.1035 1.1055 1.1047 1.1340 1.1668 1.1669 1.0928 1.0403 1.0854 1.1933 1.1342 0.9814 1.0326 1.0521 1.0582 1.0186 1.0029 1.1132 1.1508 1.1488 1.1575 1.1190 1.1043 1.1064 1.0522 1.0141 1.0771 1.1996 1.2261 1.2239 1.2706 1.3690 1.3920 1.3520 1.3360 1.3173 1.2896 1.3021 1.3309 1.3195 1.3324 1.4165 1.3803 1.4137 1.5110 1.5855
0.5135 0.6634 0.8099 0.7935 0.8451 0.8932 0.8815 0.9592 1.0029 0.9299 1.0086 1.1032 1.1447 1.1944 1.1920 1.1547 1.1224 1.0844 1.1150 1.1265 1.1980 1.2738 1.2437 1.1682 1.1336 1.1057 1.1072 1.1022 1.1146 1.1106 1.0956 1.0933 1.0625 1.0222 1.0942 1.0393 0.9427 1.0121 1.0598 1.0669 1.0871 1.1273 1.1643 1.2019 1.2063 1.1728 1.1584 1.1555 1.1383 1.1432 1.0825 1.1541 1.2732 1.2927 1.3118 1.3528 1.4055 1.4168 1.3920 1.3739 1.3493 1.3194 1.3294 1.3884 1.3807 1.4142 1.4684 1.4465 1.5195 1.6496 1.7145
0.5422 0.7126 0.8499 0.8640 0.8932 0.9105 0.9570 0.9914 0.9360 0.9612 1.0639 1.1170 1.1709 1.1988 1.1927 1.1645 1.1118 1.0688 1.0784 1.0748 1.1697 1.2882 1.2801 1.2073 1.1392 1.1002 1.1001 1.0920 1.1014 1.1028 1.0946 1.0943 1.0840 1.0467 1.0483 0.9975 0.9660 1.0473 1.1155 1.1312 1.1711 1.2300 1.1917 1.2387 1.2763 1.2518 1.2441 1.2143 1.1869 1.2106 1.1907 1.2214 1.3089 1.4011 1.4027 1.3831 1.4175 1.4511 1.4315 1.3979 1.3739 1.3559 1.4053 1.4585 1.4603 1.4799 1.5513 1.5966 1.6756 1.7914 1.8331
0.6503 0.7683 0.8810 0.9065 0.9462 0.9768 0.9526 0.9617 0.9496 1.0116 1.0710 1.1385 1.2101 1.2256 1.2061 1.1631 1.1162 1.0701 1.0674 1.0665 1.1518 1.2820 1.3027 1.2256 1.1348 1.0894 1.0866 1.0960 1.1069 1.1071 1.0975 1.1056 1.0908 1.0445 1.0470 1.0276 1.0216 1.0405 1.1748 1.2312 1.2674 1.3147 1.2590 1.3037 1.3392 1.3187 1.3013 1.2732 1.2510 1.2998 1.2620 1.2802 1.3867 1.4636 1.4443 1.4124 1.4426 1.4717 1.4694 1.4221 1.4197 1.4411 1.4682 1.5166 1.5315 1.6010 1.7031 1.7424 1.8222 1.8907 1.9084
0.7809 0.8368 0.8977 0.9153 0.9283 0.9429 0.9644 0.9440 0.9798 1.0661 1.0975 1.1784 1.2370 1.2450 1.2052 1.1712 1.1097 1.0665 1.0784 1.0602 1.1155 1.2707 1.3039 1.2192 1.1324 1.1014 1.0985 1.1135 1.1235 1.1134 1.0940 1.0991 1.1102 1.0669 1.0542 1.1146 1.0916 1.0832 1.2647 1.3134 1.3638 1.3565 1.3245 1.3480 1.3715 1.3993 1.3575 1.2987 1.3052 1.3428 1.3379 1.3758 1.4115 1.5008 1.4829 1.4491 1.4508 1.5083 1.5183 1.4806 1.4838 1.4709 1.4992 1.5777 1.6479 1.7143 1.7826 1.8457 1.8874 1.9166 1.9352
0.8063 0.8130 0.8554 0.9051 0.9377 0.9761 0.9615 0.9779 1.0577 1.0759 1.1297 1.2096 1.2518 1.2613 1.2116 1.1632 1.1317 1.1262 1.0788 1.0286 1.1196 1.3010 1.3139 1.2313 1.1655 1.1208 1.1134 1.1242 1.1265 1.1271 1.1160 1.1314 1.1452 1.1039 1.1194 1.1879 1.1817 1.1715 1.3063 1.3889 1.4317 1.3986 1.4266 1.3739 1.4150 1.4427 1.3697 1.3500 1.3913 1.4062 1.4146 1.3945 1.4587 1.5263 1.5074 1.4807 1.4792 1.5387 1.5475 1.5111 1.5159 1.5323 1.5944 1.6819 1.7411 1.7897 1.8726 1.9011 1.9144 1.9291 1.9407
0.8007 0.8070 0.8762 0.9245 0.9750 0.9970 1.0080 1.0532 1.0795 1.1137 1.1828 1.1989 1.2505 1.2943 1.2472 1.2049 1.1795 1.1272 1.0841 1.0395 1.1542 1.3261 1.3198 1.2669 1.1880 1.1297 1.1272 1.1208 1.1346 1.1414 1.1404 1.1703 1.2021 1.2095 1.1895 1.2425 1.2607 1.2613 1.3743 1.4669 1.4881 1.4624 1.4994 1.4126 1.4489 1.4802 1.4549 1.4309 1.4218 1.4249 1.4567 1.4792 1.5254 1.5389 1.5636 1.5415 1.5162 1.5790 1.6194 1.6403 1.6610 1.6795 1.7347 1.8003 1.8399 1.8868 1.9379 1.9374 1.9346 1.9317 1.9175
0.7721 0.8000 0.9024 0.9668 1.0480 1.0545 1.0508 1.0829 1.1133 1.1427 1.1654 1.1960 1.3027 1.3597 1.3061 1.2336 1.1709 1.1324 1.0618 1.0406 1.2387 1.3809 1.3399 1.2861 1.2005 1.1419 1.1183 1.1214 1.1411 1.1836 1.2210 1.2327 1.2765 1.2811 1.2579 1.3189 1.3350 1.4096 1.4420 1.5156 1.5189 1.5353 1.5384 1.4457 1.4850 1.5140 1.5030 1.4673 1.4811 1.4845 1.5569 1.5799 1.6014 1.5920 1.6375 1.6125 1.6276 1.7047 1.7574 1.7996 1.8033 1.8149 1.8423 1.8864 1.9099 1.9312 1.9543 1.9216 1.9003 1.8700 1.8090
0.6357 0.7920 1.0286 1.0507 1.0915 1.0750 1.0777 1.1173 1.1384 1.1931 1.2511 1.2987 1.3808 1.4391 1.3637 1.2235 1.1660 1.1439 1.1004 1.1563 1.3333 1.4175 1.3558 1.2796 1.2102 1.1722 1.1414 1.1355 1.1926 1.2517 1.2602 1.2915 1.3626 1.3630 1.3466 1.3699 1.4474 1.4960 1.4325 1.5427 1.5562 1.5859 1.5389 1.4975 1.5126 1.5713 1.5747 1.5408 1.5510 1.5690 1.6425 1.6676 1.6722 1.6443 1.7211 1.7396 1.7912 1.8447 1.8888 1.9137 1.8919 1.8827 1.9039 1.9309 1.9316 1.9370 1.9318 1.8690 1.8259 1.7209 1.5943
0.3942 0.9427 1.2508 1.1718 1.1336 1.0944 1.1468 1.2193 1.2351 1.2728 1.3410 1.3762 1.4615 1.4816 1.3560 1.2339 1.1960 1.1680 1.1685 1.2227 1.3870 1.4466 1.3662 1.2890 1.2311 1.1761 1.1530 1.1789 1.2530 1.3076 1.3373 1.3750 1.4224 1.4243 1.4032 1.4237 1.5008 1.4881 1.4661 1.5755 1.5815 1.6076 1.5735 1.5794 1.5864 1.6323 1.6339 1.6163 1.6407 1.6755 1.7247 1.7482 1.7275 1.7591 1.8426 1.8942 1.9302 1.9500 1.9610 1.9585 1.9360 1.9178 1.9207 1.9392 1.9114 1.9104 1.8542 1.7430 1.5836 1.3529 0.9868
0.8315 1.1648 1.2289 1.2702 1.1669 1.1761 1.2302 1.2574 1.2782 1.3380 1.4001 1.4250 1.4827 1.4661 1.3535 1.2422 1.2182 1.1789 1.2034 1.3048 1.4813 1.4858 1.3900 1.3034 1.2360 1.2029 1.2110 1.2376 1.2885 1.3619 1.3949 1.4162 1.4676 1.4714 1.4513 1.4716 1.5408 1.5417 1.5260 1.5857 1.6250 1.6544 1.6326 1.6513 1.6432 1.6892 1.7276 1.7351 1.7677 1.7797 1.7963 1.8353 1.8475 1.8861 1.9393 1.9871 1.9996 1.9777 1.9703 1.9677 1.9391 1.8960 1.8918 1.8639 1.7708 1.7184 1.5873 1.3128 1.0252 0.7823 0.6055
1.0075 1.1169 1.2835 1.2645 1.2182 1.2210 1.2647 1.3048 1.3466 1.3909 1.4322 1.4293 1.4781 1.4648 1.3641 1.2524 1.2059 1.1891 1.2786 1.4415 1.5669 1.5151 1.4067 1.3014 1.2313 1.2268 1.2550 1.2757 1.3516 1.4356 1.4447 1.4812 1.5261 1.5309 1.5229 1.5544 1.5953 1.5757 1.6249 1.6544 1.6911 1.6957 1.7098 1.7240 1.7229 1.7992 1.8272 1.8460 1.8557 1.8621 1.8851 1.9291 1.9249 1.9502 1.9808 2.0202 1.9978 1.9476 1.9274 1.9112 1.8578 1.7437 1.6424 1.4584 1.3245 1.2753 1.0537 0.7808 0.6820 0.6219 0.6013
1.0024 1.1383 1.3012 1.2849 1.2517 1.2802 1.3231 1.3635 1.3877 1.4222 1.4544 1.4616 1.5153 1.4952 1.3549 1.2329 1.1937 1.2441 1.4153 1.5924 1.6159 1.5151 1.3880 1.2741 1.2413 1.2892 1.3241 1.3491 1.4391 1.5057 1.5246 1.5596 1.5869 1.6116 1.6030 1.6237 1.6297 1.6818 1.7290 1.6700 1.7348 1.7665 1.7918 1.7917 1.8300 1.8819 1.8961 1.9259 1.9248 1.9244 1.9388 1.9606 1.9560 1.9604 1.9664 1.9841 1.9189 1.8304 1.7941 1.7239 1.5036 1.2075 1.0994 1.0047 0.9501 0.9068 0.8627 0.7463 0.6561 0.6087 0.5697
1.0847 1.2007 1.3008 1.3136 1.2934 1.3176 1.3405 1.3930 1.4112 1.4536 1.4954 1.5145 1.5448 1.4823 1.3144 1.2281 1.2342 1.3697 1.6014 1.6766 1.6133 1.4716 1.3408 1.2799 1.2992 1.3417 1.3794 1.4371 1.5280 1.5722 1.6034 1.6307 1.6650 1.6696 1.6655 1.6877 1.7037 1.7738 1.7519 1.7339 1.8086 1.8215 1.8566 1.8685 1.9021 1.9341 1.9539 1.9686 1.9463 1.9409 1.9382 1.9333 1.9163 1.9022 1.8983 1.8871 1.7609 1.6138 1.4613 1.2120 0.9826 0.8637 0.8512 0.8947 0.8726 0.8388 0.8553 0.7120 0.6334 0.5883 0.4989
1.1256 1.1965 1.3132 1.3348 1.3043 1.3238 1.3649 1.4151 1.4383 1.4805 1.5310 1.5251 1.5221 1.4340 1.2862 1.2572 1.3064 1.4971 1.6849 1.6723 1.5392 1.3968 1.3164 1.3098 1.3398 1.4050 1.4830 1.5705 1.6381 1.6660 1.6922 1.7117 1.7270 1.7355 1.7566 1.7640 1.7959 1.8345 1.8295 1.8106 1.8603 1.8962 1.9298 1.9186 1.9600 1.9690 1.9671 1.9634 1.9282 1.9028 1.8623 1.8412 1.8583 1.8331 1.8061 1.7469 1.4888 1.2013 0.9676 0.8880 0.8609 0.8539 0.8365 0.8828 0.8617 0.8108 0.8042 0.6659 0.5823 0.5168 0.4731
1.1364 1.2132 1.3298 1.3377 1.3254 1.3434 1.3841 1.4397 1.4632 1.4967 1.5382 1.5150 1.4998 1.3883 1.2977 1.3228 1.3673 1.6225 1.7366 1.6446 1.4724 1.3484 1.3164 1.3593 1.4253 1.5231 1.6274 1.6970 1.7279 1.7430 1.7781 1.7810 1.7939 1.8081 1.8239 1.8459 1.8765 1.8952 1.8931 1.8839 1.9324 1.9572 1.9729 1.9689 1.9879 1.9611 1.9588 1.9086 1.8536 1.8043 1.7672 1.7577 1.7842 1.6878 1.5808 1.3607 1.0284 0.8433 0.7831 0.8462 0.8908 0.8676 0.8128 0.8580 0.8074 0.7349 0.7238 0.5836 0.5359 0.5187 0.4573
1.1662 1.2345 1.3393 1.3619 1.3416 1.3548 1.4093 1.4824 1.4852 1.5139 1.5565 1.5226 1.4820 1.3886 1.3671 1.3859 1.5352 1.7433 1.7400 1.5872 1.4092 1.3570 1.4159 1.4777 1.5541 1.6566 1.7445 1.7812 1.8074 1.8279 1.8383 1.8256 1.8606 1.8746 1.9031 1.9189 1.9302 1.9501 1.9536 1.9679 1.9627 1.9969 1.9981 1.9747 1.9660 1.9292 1.8758 1.7987 1.7838 1.7073 1.5973 1.5343 1.4907 1.2588 1.0765 0.9651 0.8901 0.8145 0.8021 0.8328 0.8655 0.8547 0.7884 0.7685 0.6875 0.6876 0.6629 0.5840 0.5134 0.5392 0.4994
1.2013 1.2517 1.3652 1.3660 1.3612 1.4004 1.4673 1.5218 1.5083 1.5452 1.5749 1.5389 1.4761 1.4204 1.4544 1.5251 1.7041 1.7568 1.6899 1.5117 1.4175 1.4859 1.5490 1.6455 1.7168 1.7919 1.8384 1.8692 1.8905 1.8831 1.8732 1.8874 1.9176 1.9305 1.9501 1.9648 1.9729 1.9882 1.9959 1.9753 1.9395 1.9876 1.9618 1.9340 1.8857 1.8324 1.7488 1.6969 1.6105 1.3974 1.1688 1.1484 1.1416 1.0476 0.9266 0.8643 0.8840 0.8500 0.8252 0.8001 0.8574 0.8013 0.6968 0.6564 0.6178 0.6045 0.6059 0.6145 0.5713 0.5341 0.5312
1.2024 1.2865 1.3908 1.3994 1.4285 1.4519 1.4998 1.5532 1.5379 1.5640 1.5909 1.5431 1.4702 1.5032 1.5529 1.6477 1.7435 1.7154 1.6335 1.4963 1.4990 1.6055 1.7288 1.8195 1.8304 1.8671 1.9067 1.9450 1.9408 1.9219 1.9060 1.9213 1.9461 1.9608 1.9642 1.9764 1.9701 1.9747 1.9564 1.9220 1.9050 1.9391 1.8784 1.8026 1.7225 1.6259 1.4694 1.3525 1.2370 0.9889 0.8939 0.9757 0.9888 0.9861 0.9154 0.8548 0.8751 0.8327 0.8108 0.7686 0.7744 0.7009 0.6455 0.5689 0.5903 0.5972 0.6034 0.6266 0.6025 0.5599 0.5545
1.2331 1.3314 1.4219 1.4530 1.4730 1.4846 1.5381 1.5940 1.5693 1.5889 1.5928 1.5255 1.5038 1.5681 1.5852 1.6902 1.7513 1.7309 1.6578 1.5919 1.6796 1.8053 1.8906 1.8927 1.8675 1.9003 1.9499 1.9752 1.9607 1.9309 1.8898 1.9111 1.9319 1.9252 1.9282 1.9286 1.9161 1.9096 1.8919 1.8542 1.8219 1.7827 1.6280 1.5039 1.3595 1.2300 1.0773 1.0206 0.9400 0.8751 0.8918 0.9132 0.9383 0.9450 0.8965 0.8299 0.8086 0.7753 0.7645 0.7314 0.6889 0.6470 0.6382 0.5535 0.5582 0.6116 0.5937 0.6439 0.6438 0.5782 0.5770
