_input/DEM10_LS-FB6.asc
NCOLS 129
NROWS 89
XLLCORNER 4477375.0000000000
YLLCORNER 5725725.0000000000
CELLSIZE 10.000000
NODATA_VALUE -99999.0000
[rows 0 to 31 of 89, columns 0 to 69 of 129]
2.1329 3.1317 4.6960 3.2255 2.4834 4.7077 4.1931 3.7404 3.1149 2.7391 2.4040 2.0521 1.7716 1.4613 1.0966 1.2538 0.9265 1.0341 1.2811 1.4603 1.6277 1.7878 1.9047 1.9712 2.0172 2.0520 2.0960 2.0882 2.1228 2.1273 2.1466 2.2127 2.3296 2.4743 2.5424 -99999.0000 0.2664 0.3940 0.5467 0.7044 0.8498 0.9741 1.0629 1.1386 1.2461 1.3419 1.3923 1.4471 1.4927 1.5204 1.5151 1.5144 1.5639 1.6136 1.6994 1.8205 1.9775 2.1129 2.2251 2.3259 2.3981 2.5100 2.6375 2.7536 2.8046 2.8712 2.9311 2.9786 2.9560 2.8437
2.1579 2.4734 2.4245 2.3628 2.3147 2.3582 2.2116 1.7044 1.5402 1.4980 1.3875 1.1661 1.1229 1.0621 1.0113 0.9824 0.8855 0.8330 0.8469 0.8273 0.8387 0.8569 0.8084 0.6948 0.6391 0.6575 0.7120 1.0512 1.1460 1.3219 1.4872 1.5726 1.5770 1.4663 1.5902 -99999.0000 -99999.0000 0.3801 0.5099 0.6624 0.7589 0.8224 0.8576 0.9041 0.9182 0.8997 0.9920 1.0368 1.0688 1.1138 1.2034 1.2852 1.2944 1.3414 1.4036 1.4500 1.4751 1.5393 1.6163 1.7047 1.7365 1.7176 1.6621 1.5419 1.5918 1.5744 1.5412 1.5130 1.6496 1.9577
2.1135 2.2771 2.1515 2.1463 2.0641 2.0016 1.7487 1.3890 1.3380 1.2796 1.1832 1.0322 0.9958 0.9456 0.9074 0.8717 0.8067 0.7426 0.7548 0.7295 0.7203 0.7300 0.7135 0.6425 0.6195 0.6725 0.7061 0.7251 0.7663 0.8352 0.9372 0.9809 1.0497 1.0722 1.0548 -99999.0000 -99999.0000 0.4111 0.5058 0.6009 0.6559 0.6653 0.6641 0.6724 0.6472 0.6371 0.6728 0.8122 0.8975 0.9855 1.0423 1.0651 1.1333 1.2567 1.3464 1.4245 1.4571 1.4300 1.4153 1.2619 1.3467 1.3426 1.2701 1.1732 1.1364 1.1079 1.1008 1.0886 1.1430 1.2076
2.0673 2.0594 1.9272 1.8872 1.8044 1.6322 1.4162 1.2369 1.1312 1.0560 0.9786 0.8815 0.8312 0.8049 0.7537 0.7489 0.6937 0.6709 0.6505 0.6603 0.6683 0.6744 0.6543 0.6261 0.6521 0.7210 0.7803 0.8246 0.8877 0.9705 1.0085 1.0498 1.0661 1.0096 1.0120 -99999.0000 -99999.0000 0.2832 0.3859 0.4948 0.5852 0.5860 0.6071 0.6248 0.6576 0.6877 0.7276 0.7859 0.8323 0.9080 0.9545 1.0292 1.1538 1.2541 1.3835 1.4423 1.4491 1.4099 1.4056 1.4077 1.3427 1.2643 1.2054 1.1875 1.1473 1.1238 1.1180 1.1409 1.1354 1.1737
1.6823 1.5930 1.5240 1.4971 1.3679 1.2489 1.1232 0.9899 0.9609 0.8865 0.7257 0.6380 0.6205 0.6124 0.6175 0.5515 0.5966 0.5293 0.4642 0.5713 0.6324 0.6460 0.6321 0.6007 0.6307 0.6865 0.6987 0.7095 0.7266 0.7675 0.7796 0.8454 0.9037 0.9456 1.0249 1.0514 -99999.0000 0.2660 0.4082 0.5284 0.6299 0.7181 0.7300 0.7555 0.7829 0.8205 0.8362 0.8916 0.9423 1.0056 1.0653 1.1856 1.2957 1.4612 1.4782 1.4635 1.3680 1.3648 1.3578 1.3388 1.2691 1.2183 1.1909 1.1623 1.1450 1.1459 1.1398 1.1338 1.1592 1.1817
1.0566 1.2522 1.3594 1.0110 0.9215 0.8676 0.8049 0.7718 0.7362 0.7012 0.5676 0.5136 0.5059 0.5040 0.5554 0.5785 0.5792 0.6092 0.6677 0.6770 0.7213 0.7316 0.7485 0.7417 0.7464 0.7409 0.7701 0.7863 0.8538 0.8861 0.9539 1.0379 1.0849 1.1223 1.1150 1.1228 -99999.0000 -99999.0000 0.3907 0.5585 0.6573 0.7430 0.7955 0.8277 0.8442 0.8513 0.9152 0.9459 0.9980 1.0494 1.2159 1.3263 1.5040 1.5004 1.4657 1.4071 1.4070 1.3539 1.2707 1.1050 1.0454 1.0510 1.0337 0.9958 0.9757 0.9393 0.9262 0.9229 0.9116 0.8992
0.7477 0.9322 1.0794 0.7973 0.7009 0.6546 0.6498 0.6300 0.6275 0.6027 0.5554 0.5367 0.5187 0.5233 0.5940 0.6698 0.6669 0.6832 0.7011 0.7143 0.7243 0.7259 0.7316 0.7434 0.7357 0.7709 0.7935 0.8809 0.9257 0.9733 1.0627 1.1082 1.1206 1.1831 1.1778 1.2398 -99999.0000 -99999.0000 0.4366 0.5745 0.6747 0.7790 0.8362 0.8471 0.8809 0.9180 0.9739 1.0103 1.0626 1.2499 1.4581 1.5608 1.5416 1.4118 1.3070 1.2054 1.0968 0.9804 0.8764 0.7970 0.7830 0.7726 0.7476 0.7434 0.7394 0.7214 0.7340 0.7323 0.7292 0.7271
0.6298 0.7119 0.8230 0.6619 0.6092 0.5566 0.5840 0.5646 0.5515 0.5398 0.5294 0.5146 0.5005 0.5673 0.6343 0.6486 0.6129 0.6307 0.6703 0.7512 0.7474 0.7833 0.7997 0.8325 0.8808 0.9060 0.9580 0.9970 1.0185 1.0653 1.0991 1.1261 1.1731 1.2393 1.2982 1.3179 -99999.0000 -99999.0000 0.4591 0.6284 0.6841 0.7503 0.8136 0.8729 0.9461 1.0506 1.1278 1.1709 1.3217 1.5133 1.4720 1.4163 1.2811 1.1285 1.0086 0.9309 0.8645 0.7942 0.7378 0.7240 0.7025 0.6833 0.6761 0.6691 0.6658 0.6685 0.6889 0.6917 0.6749 0.6692
0.5406 0.5765 0.5844 0.5827 0.5176 0.4869 0.5039 0.4710 0.4713 0.4571 0.4453 0.4872 0.5347 0.5924 0.5998 0.5805 0.5940 0.6244 0.7080 0.7889 0.8552 0.8966 0.9218 0.9715 0.9839 1.0281 1.0639 1.1196 1.1210 1.1398 1.1973 1.1987 1.2570 1.3512 1.4044 1.3934 1.3361 -99999.0000 0.4510 0.6005 0.6349 0.7321 0.8844 0.9997 1.1525 1.2371 1.2863 1.3835 1.4563 1.3019 1.1632 1.0195 0.9345 0.8921 0.8071 0.7520 0.7255 0.6818 0.6744 0.6761 0.6545 0.6270 0.6136 0.6221 0.6242 0.6341 0.6252 0.6166 0.6057 0.6344
0.5011 0.4909 0.4902 0.5089 0.4755 0.4613 0.4621 0.4602 0.4240 0.4030 0.4177 0.4877 0.5540 0.5492 0.5658 0.5697 0.6051 0.6385 0.7227 0.7980 0.8862 0.9997 1.0951 1.1438 1.1526 1.2080 1.2660 1.2507 1.2875 1.2988 1.2736 1.3248 1.3523 1.4171 1.4538 1.3824 1.3278 -99999.0000 0.4427 0.5501 0.7057 0.8866 1.0748 1.1807 1.2472 1.2482 1.2241 1.2299 1.2001 1.0223 0.8999 0.8952 0.8410 0.7709 0.7071 0.6697 0.6510 0.6489 0.6513 0.6501 0.6238 0.6005 0.6014 0.5974 0.5908 0.5857 0.5862 0.5895 0.6101 0.6507
0.4665 0.4464 0.4460 0.4905 0.4607 0.4573 0.4543 0.4338 0.4157 0.4423 0.4711 0.5507 0.5163 0.5291 0.5583 0.5767 0.6183 0.6483 0.7168 0.7929 0.8739 0.9646 1.0737 1.1739 1.2755 1.3307 1.3419 1.3837 1.4384 1.4770 1.4456 1.3797 1.4684 1.4985 1.4757 1.3417 1.4676 -99999.0000 -99999.0000 0.5427 0.8281 0.9888 1.0549 1.1425 1.0437 1.0344 0.9955 0.9680 0.9534 0.9328 0.8871 0.8659 0.7813 0.7010 0.6386 0.6332 0.6475 0.6509 0.6462 0.6393 0.6380 0.6196 0.5928 0.5779 0.5669 0.5625 0.5777 0.5809 0.5953 0.6347
0.4270 0.4065 0.4198 0.4577 0.4379 0.4350 0.4413 0.4235 0.4275 0.4747 0.5078 0.4737 0.4795 0.5122 0.5519 0.5810 0.6071 0.6339 0.6805 0.7480 0.8227 0.8925 0.9547 0.9514 0.9527 0.9387 0.9939 1.1062 1.1801 1.2582 1.3816 1.4674 1.4677 1.3838 1.4182 1.6010 1.6819 -99999.0000 -99999.0000 0.6486 0.8599 0.9024 0.9246 0.9812 0.9469 0.9473 0.9620 0.9454 0.9188 0.9182 0.8509 0.7615 0.7342 0.6859 0.6401 0.6381 0.6465 0.6577 0.6570 0.6634 0.6477 0.6264 0.6075 0.6081 0.5978 0.5880 0.5952 0.5967 0.6065 0.6424
0.3776 0.3635 0.3889 0.4136 0.4017 0.4048 0.4221 0.4197 0.4238 0.4886 0.4618 0.4525 0.4824 0.5130 0.5558 0.5823 0.6053 0.6340 0.6634 0.7228 0.7614 0.8236 0.8497 0.8506 0.8485 0.8702 0.8873 0.9070 0.9160 0.9553 1.0062 1.0785 1.0098 1.0743 1.0886 1.2344 1.1091 0.9881 -99999.0000 0.6601 0.7916 0.7760 0.8171 0.8988 0.9079 0.9304 0.9366 0.8992 0.8904 0.8629 0.7826 0.7258 0.6938 0.7004 0.6778 0.6355 0.6618 0.6947 0.7060 0.6946 0.6928 0.6735 0.6610 0.6539 0.6346 0.6150 0.6110 0.6129 0.6007 0.6219
0.3260 0.3155 0.3451 0.3713 0.3674 0.3964 0.4021 0.4028 0.4611 0.4732 0.4303 0.4554 0.4830 0.5124 0.5611 0.5850 0.6135 0.6352 0.6416 0.6770 0.6868 0.7382 0.7785 0.7920 0.8081 0.8318 0.8397 0.8477 0.8451 0.8645 0.8737 0.8960 0.9105 0.8925 0.8875 0.9554 0.9072 0.8270 -99999.0000 0.4991 0.6241 0.6715 0.7298 0.8219 0.8511 0.8665 0.8599 0.8389 0.8403 0.8100 0.7789 0.6682 0.7328 0.7149 0.6999 0.6941 0.7245 0.7502 0.7536 0.7602 0.7470 0.7367 0.7031 0.6795 0.6693 0.6299 0.6529 0.6220 0.6264 0.6650
0.2747 0.2593 0.3065 0.3354 0.3573 0.3703 0.3906 0.4214 0.4372 0.4171 0.4124 0.4471 0.4797 0.5101 0.5500 0.5822 0.6053 0.6129 0.6048 0.6125 0.6080 0.6724 0.7313 0.7565 0.7859 0.7854 0.7860 0.7773 0.7675 0.7801 0.7922 0.8047 0.8176 0.8268 0.8015 0.8138 0.7549 0.7304 -99999.0000 -99999.0000 0.4882 0.6188 0.6526 0.7276 0.7862 0.8035 0.8237 0.8245 0.8132 0.7934 0.7648 0.7206 0.7161 0.7441 0.7513 0.7558 0.7678 0.7975 0.8146 0.8025 0.7988 0.7721 0.7566 0.7577 0.7403 0.6917 0.6712 0.6759 0.6590 0.7413
0.2293 0.2297 0.2731 0.3189 0.3374 0.3773 0.3828 0.3967 0.4021 0.3799 0.4061 0.4267 0.4713 0.5086 0.5467 0.5771 0.5841 0.5870 0.5633 0.5662 0.5736 0.6198 0.6779 0.7164 0.7374 0.7254 0.7116 0.7101 0.7070 0.7227 0.7291 0.7333 0.7355 0.7305 0.7124 0.6920 0.6498 0.6481 -99999.0000 -99999.0000 0.4266 0.5856 0.6261 0.6609 0.7552 0.7713 0.7841 0.8029 0.7937 0.7766 0.7911 0.7242 0.7596 0.7981 0.8196 0.8216 0.8274 0.8524 0.8638 0.8565 0.8186 0.8058 0.8067 0.8038 0.8313 0.7752 0.7795 0.7962 0.7909 0.8456
0.2021 0.2430 0.2794 0.3158 0.3272 0.3426 0.3574 0.3649 0.3521 0.3656 0.3996 0.4244 0.4749 0.5149 0.5416 0.5600 0.5691 0.5370 0.5265 0.5454 0.5454 0.5624 0.6200 0.6554 0.6598 0.6505 0.6485 0.6548 0.6668 0.6774 0.6728 0.6584 0.6513 0.6424 0.6144 0.6020 0.5974 0.5646 -99999.0000 -99999.0000 0.3992 0.5542 0.5828 0.6165 0.7100 0.7609 0.7869 0.7960 0.7704 0.7670 0.7586 0.7548 0.7791 0.8184 0.8584 0.8845 0.8724 0.8786 0.9211 0.9007 0.9066 0.8914 0.8626 0.8531 0.8877 0.9277 0.9224 0.9589 0.9863 1.0293
0.1971 0.2489 0.2672 0.2907 0.3026 0.3125 0.3283 0.3236 0.3343 0.3614 0.3764 0.4189 0.4736 0.5085 0.5223 0.5250 0.5092 0.5059 0.5199 0.5041 0.4835 0.5047 0.5624 0.5969 0.5937 0.6086 0.5992 0.6116 0.6196 0.6207 0.6148 0.5992 0.5995 0.5845 0.5410 0.5631 0.5699 0.5468 0.5558 -99999.0000 0.3733 0.4782 0.5559 0.5754 0.6485 0.7393 0.7574 0.7342 0.7492 0.7824 0.7988 0.7862 0.7708 0.8345 0.8708 0.9032 0.9153 0.9260 0.9521 0.9575 0.8985 0.8655 0.8856 0.8939 0.9557 0.9897 1.0472 1.1099 1.1125 1.1667
0.1964 0.2461 0.2555 0.2729 0.2775 0.2919 0.3006 0.3151 0.3292 0.3431 0.3717 0.4089 0.4461 0.4871 0.5009 0.5054 0.5165 0.5200 0.5057 0.5010 0.4522 0.4677 0.5127 0.5496 0.5663 0.5574 0.5623 0.5616 0.5638 0.5640 0.5525 0.5445 0.5527 0.5509 0.5389 0.5315 0.5526 0.5344 0.5387 -99999.0000 -99999.0000 0.4130 0.5368 0.5642 0.6078 0.6845 0.7308 0.7537 0.7473 0.7536 0.7725 0.7864 0.8004 0.8036 0.8441 0.8816 0.8950 0.8957 0.9268 0.9477 0.9623 0.8863 0.8911 0.9242 0.9981 1.0895 1.1686 1.2513 1.2809 1.3179
0.1901 0.2434 0.2442 0.2495 0.2661 0.2872 0.2997 0.2985 0.3198 0.3320 0.3512 0.3614 0.4017 0.4631 0.4802 0.4845 0.5070 0.4981 0.4860 0.4208 0.4005 0.4506 0.4833 0.5113 0.5330 0.5213 0.5082 0.5056 0.4974 0.4940 0.5048 0.5273 0.5320 0.5468 0.5277 0.5312 0.5500 0.5482 0.5817 -99999.0000 -99999.0000 0.3894 0.5368 0.5662 0.6145 0.6821 0.7100 0.7298 0.7438 0.7516 0.7701 0.8219 0.8413 0.8295 0.8624 0.8883 0.8883 0.9020 0.9603 1.0219 1.0423 1.0290 1.0063 1.0234 1.0730 1.1632 1.2894 1.3668 1.4069 1.5044
0.1642 0.2474 0.2478 0.2503 0.2641 0.2776 0.2873 0.2832 0.2823 0.2988 0.3243 0.3537 0.3923 0.4522 0.4886 0.4933 0.4680 0.4659 0.4361 0.4059 0.4204 0.4632 0.4842 0.4930 0.4828 0.4799 0.4702 0.4552 0.4475 0.4650 0.4786 0.4874 0.5204 0.5466 0.5533 0.5620 0.5862 0.6381 0.6377 -99999.0000 -99999.0000 0.3953 0.5220 0.5606 0.5975 0.6706 0.7373 0.7402 0.7592 0.7696 0.8221 0.8614 0.9196 0.8506 0.8993 0.9315 0.9821 0.9773 1.0300 1.1397 1.2075 1.1889 1.1681 1.1789 1.1959 1.2355 1.3563 1.4712 1.7689 4.1654
0.1379 0.1133 0.2565 0.2403 0.2649 0.2556 0.2584 0.2857 0.3042 0.3204 0.3450 0.3791 0.4300 0.4850 0.4960 0.4863 0.4715 0.4504 0.4433 0.4354 0.4486 0.4820 0.4945 0.4849 0.4771 0.4596 0.4324 0.4082 0.4123 0.4398 0.4623 0.4931 0.5270 0.5604 0.5765 0.5946 0.6332 0.6691 0.6707 0.6944 -99999.0000 0.4078 0.4993 0.5912 0.6243 0.7014 0.7604 0.7847 0.7939 0.8027 0.8594 0.9260 0.9935 0.9433 0.9835 1.0497 1.1359 1.1767 1.1922 1.2740 1.3806 1.3885 1.3372 1.3409 1.3404 1.3209 1.8644 3.7897 7.7000 10.3534
0.0457 0.0833 0.1727 0.2399 0.2493 0.2586 0.2738 0.2986 0.3179 0.3516 0.3926 0.4264 0.4802 0.5240 0.5266 0.5019 0.4713 0.4683 0.4413 0.4404 0.4828 0.5113 0.4978 0.4723 0.4445 0.4303 0.4134 0.4048 0.4097 0.4275 0.4579 0.4921 0.5375 0.5786 0.6063 0.6164 0.6444 0.6857 0.7196 0.7335 -99999.0000 -99999.0000 0.4829 0.6193 0.6790 0.7292 0.8185 0.8425 0.8933 0.8892 0.9174 0.9694 1.0739 1.1187 1.1564 1.2584 1.3582 1.4101 1.3834 1.4187 1.5357 1.5722 1.5044 1.6552 3.2608 6.1069 7.3478 10.0508 9.8089 8.1956
0.0592 0.0965 0.1657 0.2221 0.2482 0.2672 0.2864 0.3113 0.3445 0.3787 0.4246 0.4602 0.4955 0.5381 0.5521 0.5294 0.5191 0.4684 0.4683 0.4729 0.5246 0.5518 0.5494 0.5030 0.4559 0.4172 0.4006 0.3869 0.3935 0.4341 0.4606 0.4862 0.5371 0.5827 0.6206 0.6545 0.6829 0.7112 0.7204 0.7578 -99999.0000 -99999.0000 0.4721 0.6598 0.7447 0.8271 0.9316 0.9834 1.0269 1.0347 1.0449 1.1098 1.2117 1.2783 1.3402 1.4881 1.6107 1.6214 1.6080 1.6334 2.1349 4.0234 6.3624 8.3061 9.1133 9.2017 9.2639 7.5723 5.0654 3.8927
0.0506 0.1046 0.1822 0.2306 0.2580 0.2798 0.3167 0.3474 0.3803 0.4135 0.4526 0.4783 0.5214 0.5490 0.5697 0.5366 0.5073 0.4942 0.4838 0.5335 0.5670 0.5737 0.5695 0.5359 0.4564 0.4270 0.4187 0.4121 0.4154 0.4494 0.4888 0.5268 0.5619 0.6081 0.6476 0.6938 0.7164 0.7552 0.8355 0.7979 -99999.0000 -99999.0000 0.5497 0.7211 0.8643 0.9712 1.0705 1.1635 1.2133 1.2435 1.2398 1.2737 1.3531 1.4791 1.4909 1.6896 1.8274 1.9217 2.3961 4.6585 7.3397 8.5051 8.1708 7.6094 6.7437 5.5255 4.6220 4.4225 3.9654 3.7440
0.0746 0.1252 0.1964 0.2502 0.2856 0.3196 0.3451 0.3842 0.4171 0.4502 0.4979 0.5292 0.5698 0.5998 0.5784 0.5583 0.4996 0.5026 0.5653 0.6140 0.6363 0.6140 0.5876 0.5565 0.5106 0.4593 0.4420 0.4427 0.4618 0.4851 0.5198 0.5619 0.6073 0.6630 0.6896 0.7404 0.7550 0.8185 0.8949 0.8819 0.8284 -99999.0000 0.6459 0.8373 1.0157 1.1416 1.2460 1.3748 1.4265 1.4620 1.4585 1.4511 1.4874 1.6280 1.6398 1.8341 2.3683 3.9139 6.8032 7.7511 7.2501 5.8244 4.5456 4.1292 4.2836 4.0598 4.0737 4.1632 3.6699 3.6887
0.0854 0.1360 0.2072 0.2705 0.3054 0.3406 0.3770 0.4186 0.4563 0.4886 0.5423 0.5854 0.6184 0.6382 0.6180 0.5804 0.5569 0.5514 0.6421 0.6920 0.7016 0.6618 0.6011 0.5923 0.5674 0.5228 0.4871 0.4890 0.5104 0.5345 0.5788 0.6178 0.6528 0.7026 0.7480 0.8077 0.8387 0.8844 0.9535 0.9995 0.9799 -99999.0000 0.7958 0.9674 1.1691 1.3199 1.4188 1.5482 1.5902 1.6565 1.6216 1.6346 1.6301 1.8589 2.0099 3.2357 5.5707 7.0918 6.8087 5.3108 4.1794 3.9977 4.1173 4.0077 4.2510 3.9493 3.8672 3.8471 3.5264 3.5481
0.0916 0.1477 0.2224 0.2804 0.3213 0.3600 0.4000 0.4449 0.4935 0.5273 0.5831 0.6115 0.6454 0.6637 0.6266 0.6154 0.5788 0.5973 0.6865 0.7417 0.7218 0.7059 0.6433 0.6042 0.6013 0.6013 0.5905 0.5923 0.6085 0.6184 0.6575 0.7066 0.7386 0.7912 0.8352 0.8925 0.9611 0.9966 1.0734 1.0953 1.1476 -99999.0000 -99999.0000 1.0581 1.3117 1.4383 1.5297 1.6730 1.7384 1.7927 1.7698 1.9664 2.5538 3.3775 4.8119 6.2865 6.5131 5.7128 4.3054 3.7179 3.7998 4.0431 4.2208 4.0332 4.1521 3.6165 3.5618 3.6509 3.3647 3.5012
0.1038 0.1604 0.2329 0.2960 0.3402 0.3751 0.4170 0.4653 0.5170 0.5485 0.6096 0.6448 0.6534 0.6594 0.6627 0.6541 0.6199 0.6785 0.7432 0.7770 0.7454 0.6905 0.6801 0.6510 0.6348 0.6601 0.6991 0.7144 0.7416 0.7514 0.7775 0.8079 0.8511 0.9040 0.9686 1.0340 1.1091 1.1410 1.2444 1.2852 1.2885 -99999.0000 -99999.0000 1.0163 1.3286 1.5031 1.5892 1.6227 1.7789 1.9648 2.5597 3.6407 4.4994 5.3271 5.6116 5.4453 4.6223 4.1800 3.8188 3.7667 3.7739 4.1290 4.2085 3.9826 3.7673 3.2639 3.4031 3.3848 3.3834 3.3053
0.1161 0.1735 0.2476 0.3088 0.3467 0.3881 0.4432 0.5033 0.5476 0.5763 0.6376 0.6747 0.6850 0.6689 0.6722 0.6834 0.7282 0.7361 0.7798 0.8093 0.7799 0.7623 0.7333 0.7276 0.7139 0.7272 0.7963 0.8391 0.8957 0.9128 0.9190 0.9404 1.0113 1.0623 1.1349 1.1918 1.2852 1.3300 1.4266 1.5287 1.4518 -99999.0000 -99999.0000 0.9436 1.2109 1.4110 1.5035 1.6728 2.0795 3.0285 3.8124 4.0513 4.3181 4.5355 4.5791 4.2292 4.0801 3.9271 3.8617 3.7651 3.8132 4.1648 3.9629 3.7143 3.4577 3.1832 3.2087 3.1242 3.3130 3.1775
0.1125 0.1836 0.2653 0.3209 0.3773 0.4174 0.4705 0.5312 0.5891 0.6178 0.6676 0.7172 0.7165 0.7231 0.7387 0.7469 0.8397 0.8137 0.8033 0.7821 0.8219 0.8664 0.8420 0.8747 0.8528 0.8386 0.8988 0.9793 1.0540 1.0835 1.0835 1.0829 1.1520 1.2275 1.3069 1.3778 1.4497 1.5075 1.5463 1.6334 1.6231 1.4263 -99999.0000 0.7252 0.9721 1.2183 1.4786 2.0198 2.6916 3.4268 3.4639 3.6133 4.0204 4.0704 4.4201 4.0258 4.0134 3.7920 3.7651 3.7535 3.7920 3.9238 3.6710 3.6710 3.2800 3.1590 3.0347 2.9813 3.1259 3.0276
0.1265 0.2048 0.2897 0.3574 0.4139 0.4558 0.5066 0.5735 0.6224 0.6579 0.7046 0.7438 0.7496 0.7893 0.8160 0.8271 0.9045 0.9071 0.8530 0.8003 0.7809 0.9139 0.9987 1.0427 1.0112 0.9724 1.0281 1.1346 1.2176 1.2710 1.2472 1.2273 1.2870 1.3475 1.4076 1.5146 1.5838 1.6897 1.7189 1.8651 1.9497 3.7825 -99999.0000 -99999.0000 0.5938 0.9087 1.6204 2.1455 2.7804 2.9848 3.5999 3.7977 4.1025 4.0578 4.2627 3.9905 3.8116 3.5822 3.5892 3.6558 3.6321 3.6558 3.5927 3.6373 3.1151 3.0935 2.8809 2.7652 2.9141 2.9042
