_input/DEM10_LS-FB1.asc
NCOLS 129
NROWS 89
XLLCORNER 4477375.0000000000
YLLCORNER 5725725.0000000000
CELLSIZE 10.000000
NODATA_VALUE -99999.0000
[rows 0 to 31 of 89, columns 0 to 70 of 129]
2.1329 3.1317 4.6960 3.2255 2.4834 4.7077 4.1931 3.7404 3.1149 2.7391 2.4040 2.0521 1.7716 1.4613 1.0966 1.2538 0.9265 1.0341 1.2811 1.4603 1.6277 1.7878 1.9047 1.9712 2.0172 2.0520 2.0960 2.0882 2.1228 2.1273 2.1466 2.2127 2.3296 2.4743 2.5433 2.6981 2.8120 2.9148 2.9349 2.8147 2.8051 2.8490 2.8713 2.8727 2.9675 3.0656 3.0567 3.0709 3.0917 3.0891 3.0402 2.9992 3.0531 3.1094 3.2272 3.4008 3.6286 3.8111 3.9452 4.0587 4.1257 4.2616 4.4227 4.5686 4.6063 4.6717 4.7296 4.7713 4.7059 4.4986 4.2900
2.1579 2.4734 2.4245 2.3628 2.3147 2.3582 2.2116 1.7044 1.5402 1.4980 1.3875 1.1661 1.1229 1.0621 1.0113 0.9824 0.8855 0.8330 0.8469 0.8273 0.8387 0.8569 0.8084 0.6948 0.6391 0.6575 0.7120 1.0512 1.1460 1.3219 1.4872 1.5726 1.5770 1.4663 1.5976 1.4424 1.3661 1.2036 1.2906 1.8134 1.9291 1.9454 1.9559 2.0257 1.9725 1.8331 1.9814 2.0362 2.0558 2.1294 2.2937 2.4486 2.4531 2.5091 2.5732 2.5963 2.5647 2.6091 2.7037 2.8189 2.8603 2.7855 2.6442 2.4059 2.4835 2.4352 2.3625 2.3024 2.5283 3.0224 3.3136
2.1135 2.2771 2.1515 2.1463 2.0641 2.0016 1.7487 1.3890 1.3380 1.2796 1.1832 1.0322 0.9958 0.9456 0.9074 0.8717 0.8067 0.7426 0.7548 0.7295 0.7203 0.7300 0.7135 0.6425 0.6195 0.6725 0.7061 0.7251 0.7663 0.8352 0.9372 0.9809 1.0497 1.0722 1.0550 1.0818 1.0482 0.9228 0.8515 0.8941 1.0282 1.0576 1.0636 1.1069 1.0791 1.0475 1.0565 1.3103 1.4868 1.6722 1.8052 1.8696 1.9922 2.1790 2.2879 2.3611 2.3569 2.2554 2.1802 1.8873 1.9685 1.9470 1.8201 1.6484 1.5591 1.4977 1.4724 1.4414 1.5071 1.6211 1.8093
2.0673 2.0594 1.9272 1.8872 1.8044 1.6322 1.4162 1.2369 1.1312 1.0560 0.9786 0.8815 0.8312 0.8049 0.7537 0.7489 0.6937 0.6709 0.6505 0.6603 0.6683 0.6744 0.6543 0.6261 0.6521 0.7210 0.7803 0.8246 0.8877 0.9705 1.0085 1.0498 1.0661 1.0096 1.0120 0.9985 0.9104 0.8100 0.7788 0.8122 0.8795 0.8727 0.9019 0.9385 1.0280 1.1222 1.2139 1.3141 1.3997 1.5366 1.6178 1.7378 1.9263 2.0477 2.1972 2.2399 2.2049 2.1019 2.0413 1.9959 1.8591 1.7178 1.6104 1.5580 1.4761 1.4153 1.3809 1.3869 1.3621 1.3939 1.5065
1.6823 1.5930 1.5240 1.4971 1.3679 1.2489 1.1232 0.9899 0.9609 0.8865 0.7257 0.6380 0.6205 0.6124 0.6175 0.5515 0.5966 0.5293 0.4642 0.5713 0.6324 0.6460 0.6321 0.6007 0.6307 0.6865 0.6987 0.7095 0.7266 0.7675 0.7796 0.8454 0.9037 0.9456 1.0249 1.0514 1.0296 1.0269 1.0820 1.0695 1.0861 1.1590 1.1735 1.2437 1.3342 1.4438 1.4964 1.6038 1.6851 1.7732 1.8290 1.9736 2.0886 2.2791 2.2436 2.1617 1.9712 1.9122 1.8562 1.7876 1.6680 1.5705 1.5027 1.4382 1.3929 1.3689 1.3397 1.3112 1.3209 1.3297 1.3071
1.0566 1.2522 1.3594 1.0110 0.9215 0.8676 0.8049 0.7718 0.7362 0.7012 0.5676 0.5136 0.5059 0.5040 0.5554 0.5785 0.5792 0.6092 0.6677 0.6770 0.7213 0.7316 0.7485 0.7417 0.7464 0.7409 0.7701 0.7863 0.8538 0.8861 0.9539 1.0379 1.0849 1.1223 1.1150 1.1228 1.1913 1.1679 1.1331 1.1883 1.2351 1.3041 1.3946 1.5009 1.5754 1.6140 1.7425 1.7763 1.8297 1.8539 2.0367 2.1236 2.3132 2.2317 2.1085 1.9602 1.9066 1.7912 1.6426 1.3910 1.2773 1.2577 1.2160 1.1524 1.1113 1.0538 1.0257 1.0085 0.9827 0.9592 0.8913
0.7477 0.9322 1.0794 0.7973 0.7009 0.6546 0.6498 0.6300 0.6275 0.6027 0.5554 0.5367 0.5187 0.5233 0.5940 0.6698 0.6669 0.6832 0.7011 0.7143 0.7243 0.7259 0.7316 0.7434 0.7357 0.7709 0.7935 0.8809 0.9257 0.9733 1.0627 1.1082 1.1206 1.1831 1.1778 1.2398 1.1722 1.1891 1.2608 1.2818 1.3665 1.5101 1.6314 1.6884 1.7721 1.8345 1.8946 1.8908 1.9043 2.0992 2.3026 2.3624 2.2450 1.9734 1.7488 1.5510 1.3588 1.1646 1.0052 0.8902 0.8611 0.8320 0.7904 0.7814 0.7752 0.7522 0.7636 0.7577 0.7497 0.7457 0.7139
0.6298 0.7119 0.8230 0.6619 0.6092 0.5566 0.5840 0.5646 0.5515 0.5398 0.5294 0.5146 0.5005 0.5673 0.6343 0.6486 0.6129 0.6307 0.6703 0.7512 0.7474 0.7833 0.7997 0.8325 0.8808 0.9060 0.9580 0.9970 1.0185 1.0653 1.0991 1.1261 1.1731 1.2393 1.2982 1.3179 1.3090 1.3242 1.3362 1.4599 1.5409 1.6317 1.7394 1.8487 1.9358 2.0411 2.0764 2.0487 2.1749 2.3433 2.1754 1.9823 1.6944 1.4063 1.1942 1.0658 0.9638 0.8639 0.7883 0.7661 0.7370 0.7116 0.6997 0.6889 0.6831 0.6843 0.7038 0.7058 0.6869 0.6796 0.6639
0.5406 0.5765 0.5844 0.5827 0.5176 0.4869 0.5039 0.4710 0.4713 0.4571 0.4453 0.4872 0.5347 0.5924 0.5998 0.5805 0.5940 0.6244 0.7080 0.7889 0.8552 0.8966 0.9218 0.9715 0.9839 1.0281 1.0639 1.1196 1.1210 1.1398 1.1973 1.1987 1.2570 1.3512 1.4044 1.3934 1.3361 1.3715 1.4153 1.5363 1.6096 1.7851 1.9704 2.0451 2.1589 2.1599 2.1116 2.1460 2.1514 1.8250 1.5188 1.2363 1.0551 0.9744 0.8676 0.7987 0.7654 0.7147 0.7039 0.7032 0.6789 0.6486 0.6325 0.6392 0.6397 0.6482 0.6375 0.6275 0.6149 0.6428 0.6664
0.5011 0.4909 0.4902 0.5089 0.4755 0.4613 0.4621 0.4602 0.4240 0.4030 0.4177 0.4877 0.5540 0.5492 0.5658 0.5697 0.6051 0.6385 0.7227 0.7980 0.8862 0.9997 1.0951 1.1438 1.1526 1.2080 1.2660 1.2507 1.2875 1.2988 1.2736 1.3248 1.3523 1.4171 1.4538 1.3824 1.3278 1.4437 1.5655 1.7450 1.9855 2.1001 2.1399 2.0855 1.9956 1.8595 1.7184 1.6287 1.5134 1.1976 1.0069 0.9850 0.9162 0.8335 0.7580 0.7108 0.6848 0.6786 0.6782 0.6748 0.6463 0.6213 0.6208 0.6149 0.6065 0.5997 0.5984 0.6004 0.6198 0.6595 0.6589
0.4665 0.4464 0.4460 0.4905 0.4607 0.4573 0.4543 0.4338 0.4157 0.4423 0.4711 0.5507 0.5163 0.5291 0.5583 0.5767 0.6183 0.6483 0.7168 0.7929 0.8739 0.9646 1.0737 1.1739 1.2755 1.3307 1.3419 1.3837 1.4384 1.4770 1.4456 1.3797 1.4684 1.4985 1.4757 1.3417 1.4676 1.7091 1.8302 1.9420 1.9569 1.8350 1.6324 1.5624 1.2580 1.1948 1.1100 1.0582 1.0336 1.0136 0.9672 0.9427 0.8488 0.7591 0.6872 0.6748 0.6837 0.6824 0.6743 0.6647 0.6620 0.6423 0.6134 0.5962 0.5835 0.5773 0.5909 0.5927 0.6056 0.6437 0.6712
0.4270 0.4065 0.4198 0.4577 0.4379 0.4350 0.4413 0.4235 0.4275 0.4747 0.5078 0.4737 0.4795 0.5122 0.5519 0.5810 0.6071 0.6339 0.6805 0.7480 0.8227 0.8925 0.9547 0.9514 0.9527 0.9387 0.9939 1.1062 1.1801 1.2582 1.3816 1.4674 1.4677 1.3838 1.4182 1.6010 1.6824 1.6098 1.6182 1.5075 1.3487 1.1457 1.0603 1.0780 1.0310 1.0242 1.0401 1.0238 0.9955 0.9977 0.9305 0.8308 0.7963 0.7418 0.6901 0.6827 0.6845 0.6910 0.6871 0.6916 0.6738 0.6507 0.6299 0.6288 0.6168 0.6050 0.6100 0.6097 0.6178 0.6522 0.6561
0.3776 0.3635 0.3889 0.4136 0.4017 0.4048 0.4221 0.4197 0.4238 0.4886 0.4618 0.4525 0.4824 0.5130 0.5558 0.5823 0.6053 0.6340 0.6634 0.7228 0.7614 0.8236 0.8497 0.8506 0.8485 0.8702 0.8873 0.9070 0.9160 0.9553 1.0062 1.0785 1.0098 1.0743 1.0886 1.2344 1.1101 1.0104 1.0025 1.0068 1.0138 0.9424 0.9303 0.9884 0.9903 1.0085 1.0147 0.9756 0.9677 0.9406 0.8595 0.7962 0.7540 0.7565 0.7303 0.6809 0.7018 0.7312 0.7403 0.7260 0.7224 0.7013 0.6869 0.6776 0.6559 0.6338 0.6270 0.6270 0.6125 0.6313 0.6794
0.3260 0.3155 0.3451 0.3713 0.3674 0.3964 0.4021 0.4028 0.4611 0.4732 0.4303 0.4554 0.4830 0.5124 0.5611 0.5850 0.6135 0.6352 0.6416 0.6770 0.6868 0.7382 0.7785 0.7920 0.8081 0.8318 0.8397 0.8477 0.8451 0.8645 0.8737 0.8960 0.9105 0.8925 0.8875 0.9554 0.9075 0.8403 0.8544 0.8560 0.8690 0.8505 0.8658 0.9259 0.9413 0.9500 0.9398 0.9182 0.9209 0.8880 0.8592 0.7362 0.7987 0.7731 0.7524 0.7426 0.7695 0.7916 0.7917 0.7962 0.7806 0.7687 0.7321 0.7049 0.6924 0.6493 0.6703 0.6364 0.6382 0.6742 0.7323
0.2747 0.2593 0.3065 0.3354 0.3573 0.3703 0.3906 0.4214 0.4372 0.4171 0.4124 0.4471 0.4797 0.5101 0.5500 0.5822 0.6053 0.6129 0.6048 0.6125 0.6080 0.6724 0.7313 0.7565 0.7859 0.7854 0.7860 0.7773 0.7675 0.7801 0.7922 0.8047 0.8176 0.8268 0.8015 0.8138 0.7549 0.7359 0.7533 0.7578 0.7653 0.8045 0.8096 0.8510 0.8893 0.8983 0.9141 0.9150 0.9030 0.8784 0.8462 0.7976 0.7830 0.8036 0.8064 0.8083 0.8163 0.8423 0.8569 0.8417 0.8359 0.8063 0.7878 0.7862 0.7657 0.7130 0.6885 0.6903 0.6698 0.7496 0.8339
0.2293 0.2297 0.2731 0.3189 0.3374 0.3773 0.3828 0.3967 0.4021 0.3799 0.4061 0.4267 0.4713 0.5086 0.5467 0.5771 0.5841 0.5870 0.5633 0.5662 0.5736 0.6198 0.6779 0.7164 0.7374 0.7254 0.7116 0.7101 0.7070 0.7227 0.7291 0.7333 0.7355 0.7305 0.7124 0.6920 0.6498 0.6481 0.6494 0.6997 0.7044 0.7802 0.8038 0.8071 0.8805 0.8842 0.8881 0.9057 0.8936 0.8665 0.8792 0.8029 0.8316 0.8623 0.8791 0.8783 0.8799 0.9008 0.9088 0.8987 0.8568 0.8410 0.8396 0.8333 0.8592 0.7979 0.7978 0.8112 0.8017 0.8528 0.9423
0.2021 0.2430 0.2794 0.3158 0.3272 0.3426 0.3574 0.3649 0.3521 0.3656 0.3996 0.4244 0.4749 0.5149 0.5416 0.5600 0.5691 0.5370 0.5265 0.5454 0.5454 0.5624 0.6200 0.6554 0.6598 0.6505 0.6485 0.6548 0.6668 0.6774 0.6728 0.6584 0.6513 0.6424 0.6144 0.6020 0.5974 0.5646 0.5940 0.6709 0.6881 0.7742 0.7789 0.7873 0.8545 0.8868 0.9081 0.9142 0.8774 0.8646 0.8466 0.8373 0.8549 0.8840 0.9189 0.9437 0.9274 0.9275 0.9678 0.9438 0.9477 0.9298 0.8971 0.8832 0.9149 0.9527 0.9425 0.9748 0.9982 1.0374 1.0846
0.1971 0.2489 0.2672 0.2907 0.3026 0.3125 0.3283 0.3236 0.3343 0.3614 0.3764 0.4189 0.4736 0.5085 0.5223 0.5250 0.5092 0.5059 0.5199 0.5041 0.4835 0.5047 0.5624 0.5969 0.5937 0.6086 0.5992 0.6116 0.6196 0.6207 0.6148 0.5992 0.5995 0.5845 0.5410 0.5631 0.5699 0.5468 0.5558 0.6429 0.6837 0.7449 0.7751 0.7754 0.8139 0.8825 0.8918 0.8557 0.8598 0.8864 0.8949 0.8751 0.8465 0.9005 0.9300 0.9601 0.9701 0.9755 0.9979 1.0014 0.9375 0.9005 0.9184 0.9224 0.9817 1.0127 1.0669 1.1261 1.1244 1.1752 1.2006
0.1964 0.2461 0.2555 0.2729 0.2775 0.2919 0.3006 0.3151 0.3292 0.3431 0.3717 0.4089 0.4461 0.4871 0.5009 0.5054 0.5165 0.5200 0.5057 0.5010 0.4522 0.4677 0.5127 0.5496 0.5663 0.5574 0.5623 0.5616 0.5638 0.5640 0.5525 0.5445 0.5527 0.5509 0.5389 0.5315 0.5526 0.5344 0.5387 0.6273 0.7001 0.7404 0.7844 0.7961 0.8057 0.8465 0.8732 0.8875 0.8689 0.8614 0.8666 0.8707 0.8769 0.8664 0.8977 0.9318 0.9441 0.9395 0.9665 0.9851 0.9988 0.9173 0.9187 0.9484 1.0197 1.1094 1.1858 1.2662 1.2929 1.3268 1.3510
0.1901 0.2434 0.2442 0.2495 0.2661 0.2872 0.2997 0.2985 0.3198 0.3320 0.3512 0.3614 0.4017 0.4631 0.4802 0.4845 0.5070 0.4981 0.4860 0.4208 0.4005 0.4506 0.4833 0.5113 0.5330 0.5213 0.5082 0.5056 0.4974 0.4940 0.5048 0.5273 0.5320 0.5468 0.5277 0.5312 0.5500 0.5482 0.5817 0.6415 0.7065 0.7493 0.8148 0.8264 0.8396 0.8708 0.8677 0.8675 0.8669 0.8609 0.8605 0.9018 0.9140 0.8905 0.9130 0.9333 0.9295 0.9378 0.9920 1.0520 1.0722 1.0569 1.0299 1.0429 1.0896 1.1783 1.3033 1.3797 1.4191 1.5425 2.1627
0.1642 0.2474 0.2478 0.2503 0.2641 0.2776 0.2873 0.2832 0.2823 0.2988 0.3243 0.3537 0.3923 0.4522 0.4886 0.4933 0.4680 0.4659 0.4361 0.4059 0.4204 0.4632 0.4842 0.4930 0.4828 0.4799 0.4702 0.4552 0.4475 0.4650 0.4786 0.4874 0.5204 0.5466 0.5533 0.5620 0.5862 0.6381 0.6377 0.6706 0.7372 0.7914 0.8295 0.8391 0.8340 0.8583 0.9017 0.8816 0.8829 0.8746 0.9108 0.9336 0.9883 0.9071 0.9450 0.9690 1.0155 1.0041 1.0514 1.1602 1.2304 1.2111 1.1874 1.1945 1.2085 1.2459 1.3664 1.5192 2.0907 5.3889 8.8580
0.1379 0.1133 0.2565 0.2403 0.2649 0.2556 0.2584 0.2857 0.3042 0.3204 0.3450 0.3791 0.4300 0.4850 0.4960 0.4863 0.4715 0.4504 0.4433 0.4354 0.4486 0.4820 0.4945 0.4849 0.4771 0.4596 0.4324 0.4082 0.4123 0.4398 0.4623 0.4931 0.5270 0.5604 0.5765 0.5946 0.6332 0.6691 0.6707 0.7031 0.7569 0.8259 0.8408 0.8896 0.8713 0.8980 0.9233 0.9254 0.9123 0.8979 0.9365 0.9890 1.0539 0.9933 1.0201 1.0761 1.1574 1.1939 1.2042 1.2849 1.3950 1.4046 1.3517 1.3529 1.3504 1.3287 2.3471 5.0440 9.9000 12.9511 13.4062
0.0457 0.0833 0.1727 0.2399 0.2493 0.2586 0.2738 0.2986 0.3179 0.3516 0.3926 0.4264 0.4802 0.5240 0.5266 0.5019 0.4713 0.4683 0.4413 0.4404 0.4828 0.5113 0.4978 0.4723 0.4445 0.4303 0.4134 0.4048 0.4097 0.4275 0.4579 0.4921 0.5375 0.5786 0.6063 0.6164 0.6444 0.6857 0.7196 0.7341 0.7517 0.8308 0.8616 0.9230 0.9401 0.9229 0.9723 0.9653 0.9976 0.9725 0.9820 1.0162 1.1164 1.1571 1.1821 1.2725 1.3665 1.4174 1.3878 1.4217 1.5425 1.5828 1.5153 1.8817 4.4667 8.2884 9.7804 12.8788 12.2219 9.8627 4.6319
0.0592 0.0965 0.1657 0.2221 0.2482 0.2672 0.2864 0.3113 0.3445 0.3787 0.4246 0.4602 0.4955 0.5381 0.5521 0.5294 0.5191 0.4684 0.4683 0.4729 0.5246 0.5518 0.5494 0.5030 0.4559 0.4172 0.4006 0.3869 0.3935 0.4341 0.4606 0.4862 0.5371 0.5827 0.6206 0.6545 0.6829 0.7112 0.7204 0.7579 0.7953 0.8586 0.8719 0.9524 0.9917 1.0051 1.0652 1.0861 1.1096 1.1010 1.0923 1.1393 1.2355 1.2984 1.3528 1.4903 1.6093 1.6211 1.6081 1.6907 2.7742 5.7767 9.0400 11.4834 12.3439 12.1111 11.8022 9.2128 5.4305 3.8804 3.5494
0.0506 0.1046 0.1822 0.2306 0.2580 0.2798 0.3167 0.3474 0.3803 0.4135 0.4526 0.4783 0.5214 0.5490 0.5697 0.5366 0.5073 0.4942 0.4838 0.5335 0.5670 0.5737 0.5695 0.5359 0.4564 0.4270 0.4187 0.4121 0.4154 0.4494 0.4888 0.5268 0.5619 0.6081 0.6476 0.6938 0.7164 0.7552 0.8355 0.7979 0.8186 0.9074 0.9563 0.9949 1.0741 1.1211 1.1746 1.2366 1.2693 1.2879 1.2686 1.2871 1.3598 1.4845 1.4919 1.6876 1.8493 2.1012 3.3145 7.0254 10.7147 12.0595 11.2010 10.0448 8.4895 6.3707 4.7468 4.3952 3.9409 3.7258 3.4582
0.0746 0.1252 0.1964 0.2502 0.2856 0.3196 0.3451 0.3842 0.4171 0.4502 0.4979 0.5292 0.5698 0.5998 0.5784 0.5583 0.4996 0.5026 0.5653 0.6140 0.6363 0.6140 0.5876 0.5565 0.5106 0.4593 0.4420 0.4427 0.4618 0.4851 0.5198 0.5619 0.6073 0.6630 0.6896 0.7404 0.7550 0.8185 0.8949 0.8819 0.8788 0.9642 1.0451 1.0796 1.1840 1.2532 1.3121 1.4152 1.4575 1.4856 1.4737 1.4569 1.4877 1.6364 1.6730 2.0782 3.4983 6.3373 10.4423 11.3795 10.1303 7.4968 4.9943 4.1305 4.2334 4.0151 4.0362 4.1321 3.6482 3.6707 3.4609
0.0854 0.1360 0.2072 0.2705 0.3054 0.3406 0.3770 0.4186 0.4563 0.4886 0.5423 0.5854 0.6184 0.6382 0.6180 0.5804 0.5569 0.5514 0.6421 0.6920 0.7016 0.6618 0.6011 0.5923 0.5674 0.5228 0.4871 0.4890 0.5104 0.5345 0.5788 0.6178 0.6528 0.7026 0.7480 0.8077 0.8387 0.8844 0.9535 0.9996 0.9888 1.0152 1.1541 1.1817 1.2852 1.3900 1.4551 1.5644 1.6035 1.6709 1.6370 1.6601 1.7599 2.5895 3.1618 5.8761 9.3617 10.9942 9.8391 6.8914 4.5456 3.9570 4.0555 3.9532 4.1994 3.9072 3.8335 3.8195 3.5056 3.5304 3.3942
0.0916 0.1477 0.2224 0.2804 0.3213 0.3600 0.4000 0.4449 0.4935 0.5273 0.5831 0.6115 0.6454 0.6637 0.6266 0.6154 0.5788 0.5973 0.6865 0.7417 0.7218 0.7059 0.6433 0.6042 0.6013 0.6013 0.5905 0.5923 0.6085 0.6184 0.6575 0.7066 0.7386 0.7912 0.8352 0.8925 0.9611 0.9966 1.0734 1.0954 1.1511 1.1610 1.2787 1.3091 1.4104 1.4885 1.5480 1.6891 1.7649 1.8882 2.0237 3.2911 5.3186 7.1056 9.2660 10.7312 10.0366 7.7670 4.7269 3.6644 3.7281 3.9776 4.1585 3.9792 4.1024 3.5797 3.5321 3.6252 3.3443 3.4828 3.3096
0.1038 0.1604 0.2329 0.2960 0.3402 0.3751 0.4170 0.4653 0.5170 0.5485 0.6096 0.6448 0.6534 0.6594 0.6627 0.6541 0.6199 0.6785 0.7432 0.7770 0.7454 0.6905 0.6801 0.6510 0.6348 0.6601 0.6991 0.7144 0.7416 0.7514 0.7775 0.8079 0.8511 0.9040 0.9686 1.0340 1.1091 1.1410 1.2444 1.2854 1.3031 1.3042 1.4572 1.4579 1.5009 1.5891 1.6596 1.7770 2.5472 3.9557 6.4413 8.9400 9.9533 10.2543 9.4396 7.7498 5.1851 4.1052 3.7267 3.6926 3.7075 4.0625 4.1461 3.9299 3.7233 3.2319 3.3744 3.3603 3.3619 3.2867 3.2554
0.1161 0.1735 0.2476 0.3088 0.3467 0.3881 0.4432 0.5033 0.5476 0.5763 0.6376 0.6747 0.6850 0.6689 0.6722 0.6834 0.7282 0.7361 0.7798 0.8093 0.7799 0.7623 0.7333 0.7276 0.7139 0.7272 0.7963 0.8391 0.8957 0.9128 0.9190 0.9404 1.0113 1.0623 1.1349 1.1918 1.2852 1.3300 1.4266 1.5298 1.4847 1.4539 1.5854 1.6198 1.5944 1.9061 2.6615 4.8812 7.1385 9.1923 9.8895 8.9359 7.7265 6.3042 4.8610 4.1122 3.9677 3.8335 3.7795 3.6921 3.7454 4.0966 3.9043 3.6654 3.4175 3.1513 3.1807 3.1004 3.2906 3.1584 3.1109
0.1125 0.1836 0.2653 0.3209 0.3773 0.4174 0.4705 0.5312 0.5891 0.6178 0.6676 0.7172 0.7165 0.7231 0.7387 0.7469 0.8397 0.8137 0.8033 0.7821 0.8219 0.8664 0.8420 0.8747 0.8528 0.8386 0.8988 0.9793 1.0540 1.0835 1.0835 1.0829 1.1520 1.2275 1.3069 1.3778 1.4497 1.5075 1.5463 1.6355 1.6563 1.6051 1.6339 2.7580 4.0465 6.3391 8.0852 9.3651 9.1826 8.6537 6.1859 4.4521 4.1487 3.9999 4.3085 3.9186 3.9097 3.7018 3.6840 3.6791 3.7229 3.8584 3.6164 3.6217 3.2409 3.1261 3.0068 2.9573 3.1034 3.0081 2.9848
0.1265 0.2048 0.2897 0.3574 0.4139 0.4558 0.5066 0.5735 0.6224 0.6579 0.7046 0.7438 0.7496 0.7893 0.8160 0.8271 0.9045 0.9071 0.8530 0.8003 0.7809 0.9139 0.9987 1.0427 1.0112 0.9724 1.0281 1.1346 1.2176 1.2710 1.2472 1.2273 1.2870 1.3475 1.4076 1.5146 1.5838 1.6897 1.7189 1.8669 1.9608 3.8016 5.7644 7.4328 9.0761 8.8550 8.6848 7.2527 5.9793 3.9357 3.8215 3.8421 4.0534 3.9600 4.1398 3.8758 3.7098 3.4960 3.5100 3.5806 3.5637 3.5935 3.5373 3.5866 3.0766 3.0596 2.8529 2.7416 2.8918 2.8843 2.7769
