_input/DEM10_LS.asc
NCOLS 129
NROWS 89
XLLCORNER 4477375.0000000000
YLLCORNER 5725725.0000000000
CELLSIZE 10.000000
NODATA_VALUE -99999.0000
[rows 0 to 31 of 89, columns 0 to 70 of 129]
1.8903 2.6377 3.7654 3.3885 3.1162 5.4486 6.8895 13.3251 6.2572 3.5256 3.1425 2.2791 1.6891 1.3839 1.1471 1.2001 0.8980 1.0393 1.1291 1.1750 1.4009 1.4739 1.2809 1.0500 0.9944 0.8835 1.0425 1.1095 1.1815 1.2713 1.3293 1.2833 1.2017 1.1669 1.1059 1.1113 1.0286 0.9982 1.1640 1.4271 1.3877 1.2430 1.1306 1.2197 1.2961 1.2690 1.3105 1.2347 1.0768 0.9431 0.7578 0.7668 0.8797 0.9364 0.9863 1.0459 1.1125 1.0483 1.0061 0.9835 1.0252 1.1814 1.2242 1.2462 1.3725 1.4612 1.4352 1.3668 1.2797 1.2569 1.1969
2.0631 2.5776 3.0121 3.1916 3.4295 4.1809 5.5203 4.9248 2.7134 2.3588 2.1721 1.6029 1.4346 1.3111 1.2451 1.1937 1.0308 1.0254 1.0180 0.9560 1.0370 1.0832 0.9272 0.7179 0.6720 0.6423 0.6938 0.8843 0.9500 1.0894 1.2166 1.1956 1.0618 0.9882 1.0002 0.8938 0.8689 0.8090 0.8660 1.1963 1.1793 1.0994 1.0167 0.9791 0.9787 1.0092 1.1518 1.0276 0.8949 0.8098 0.7372 0.6844 0.7045 0.7503 0.7593 0.7558 0.8011 0.8548 0.8477 0.9055 0.8353 0.8168 0.8519 0.8562 0.9303 0.9721 0.9581 0.9388 0.9963 1.1461 1.3103
2.0582 2.6245 3.0329 3.3161 3.5594 4.1736 4.0596 2.2865 2.3870 2.2507 1.9824 1.5478 1.5211 1.4220 1.3826 1.3054 1.1599 1.0054 1.0120 0.8649 0.8373 0.8390 0.7530 0.6206 0.6058 0.6470 0.5957 0.6466 0.7374 0.7719 0.8401 0.8881 0.8744 0.8379 0.8444 0.8336 0.8847 0.9148 0.9134 0.9833 0.9379 0.8380 0.7955 0.7278 0.6292 0.6154 0.8150 1.0164 0.9543 0.8551 0.6949 0.6236 0.6558 0.6942 0.6815 0.6589 0.6280 0.6626 0.6124 0.6302 0.7620 0.6623 0.5942 0.5930 0.6396 0.6796 0.6994 0.7171 0.7806 0.8024 0.8763
4.3129 4.6925 4.4857 4.2980 4.0376 3.8312 3.1720 2.5689 2.2193 2.0904 2.0960 1.8175 1.6756 1.5585 1.3745 1.4196 1.2041 1.1135 1.1167 0.9956 0.8397 0.7344 0.6099 0.5820 0.6466 0.7203 0.7313 0.7550 0.8815 0.9149 0.8811 0.8998 0.8323 0.7197 0.7006 0.6081 0.5677 0.6205 0.7420 0.8923 0.9101 0.7348 0.6917 0.6613 0.6223 0.5881 0.6526 0.7933 0.8497 0.8929 0.8249 0.7302 0.6572 0.6562 0.7147 0.7005 0.6629 0.6416 0.6431 0.5942 0.6171 0.6043 0.5664 0.5540 0.5597 0.6096 0.6633 0.6871 0.7274 0.7981 0.8430
5.0132 4.6007 3.8320 4.5397 3.9892 3.5007 2.9053 2.2772 2.0164 1.8127 1.4901 1.2269 1.1246 1.0597 0.8803 0.7670 0.7969 0.6533 0.5830 0.7949 0.7958 0.6981 0.5369 0.4551 0.5441 0.6405 0.6705 0.6856 0.7168 0.8097 0.7982 0.8290 0.8740 0.7806 0.7286 0.6430 0.5541 0.6743 0.9102 0.9599 0.9905 0.9271 0.7341 0.6535 0.6312 0.6300 0.6576 0.7775 0.8122 0.8537 0.8582 0.7817 0.6849 0.6862 0.6837 0.6631 0.5947 0.6014 0.5957 0.6432 0.6560 0.6082 0.5529 0.5514 0.5746 0.6334 0.6677 0.7103 0.7889 0.7809 0.7835
2.4603 2.7138 2.3987 2.5421 2.2056 2.0411 1.7114 1.4467 1.2803 1.0045 0.5544 0.4144 0.4176 0.4520 0.4740 0.2905 0.3405 0.4524 0.4838 0.4911 0.6034 0.6377 0.5678 0.4543 0.4505 0.5124 0.6014 0.6361 0.6670 0.7136 0.7424 0.7245 0.7963 0.7192 0.5986 0.6371 0.7454 0.7641 0.9773 1.1147 1.0373 1.0090 0.8162 0.6721 0.6327 0.6499 0.7029 0.7586 0.7715 0.8165 0.9040 0.8206 0.7153 0.6719 0.7127 0.7334 0.6986 0.6165 0.5415 0.5363 0.6635 0.6820 0.6035 0.5577 0.5507 0.5852 0.6404 0.6605 0.7203 0.7192 0.7209
1.2167 1.9406 2.2525 1.2856 1.0578 0.9677 0.8486 0.8189 0.7619 0.6920 0.5252 0.4470 0.4472 0.4179 0.4752 0.4364 0.3777 0.4829 0.5645 0.4971 0.5436 0.6059 0.5656 0.4804 0.4392 0.4758 0.5821 0.6661 0.6780 0.7500 0.7648 0.7262 0.8164 0.8046 0.6211 0.5674 0.7064 0.9631 1.1850 1.1562 1.0420 1.0899 0.8840 0.6792 0.6714 0.6405 0.6789 0.7425 0.7252 0.7811 0.9837 0.9003 0.6958 0.6131 0.6633 0.6483 0.6233 0.5811 0.5369 0.4626 0.5046 0.5914 0.6053 0.5717 0.5365 0.5310 0.5536 0.5499 0.6155 0.6104 0.6346
0.9567 1.1715 1.6144 1.0175 0.9202 0.8112 0.8430 0.8128 0.8079 0.7702 0.7098 0.5704 0.5262 0.5615 0.5337 0.5329 0.4605 0.5389 0.6511 0.6078 0.5614 0.6434 0.5718 0.5094 0.4747 0.4895 0.5734 0.6323 0.6669 0.7081 0.6847 0.7080 0.8278 0.8720 0.6855 0.5928 0.8026 1.0417 1.2818 1.2791 0.9765 1.0223 0.9558 0.7615 0.7142 0.6816 0.7093 0.7873 0.7023 0.6959 0.8538 0.9300 0.7985 0.6369 0.6173 0.6186 0.5578 0.5162 0.5003 0.4637 0.4281 0.4733 0.5382 0.5477 0.5321 0.5315 0.5550 0.5207 0.5563 0.5526 0.5647
0.6090 0.7266 0.8804 0.6793 0.5868 0.5057 0.5526 0.5076 0.5300 0.5414 0.6019 0.6124 0.5899 0.6387 0.5377 0.5125 0.5096 0.6037 0.7532 0.7719 0.7473 0.7178 0.5903 0.4974 0.4766 0.4964 0.5686 0.6652 0.6666 0.6685 0.6662 0.6522 0.7994 0.9429 0.7777 0.6211 0.8192 1.1322 1.2881 1.2431 0.9570 1.0251 1.0575 0.8423 0.7785 0.7109 0.7682 0.8563 0.6030 0.4970 0.6410 0.6599 0.6730 0.6674 0.6304 0.6301 0.5868 0.5124 0.4985 0.4686 0.4132 0.4055 0.4574 0.5012 0.5083 0.5211 0.5157 0.4914 0.5387 0.5764 0.5552
0.4809 0.5084 0.4919 0.4691 0.4006 0.3629 0.3653 0.3427 0.3173 0.2859 0.3594 0.4722 0.5445 0.5973 0.5559 0.4903 0.5018 0.5955 0.8026 0.8816 0.9837 0.9733 0.7077 0.5314 0.4894 0.5034 0.5881 0.6904 0.7219 0.6307 0.6074 0.6385 0.6995 0.9099 0.8702 0.6972 0.8233 1.1860 1.3350 1.3121 1.1108 1.0307 1.1370 0.8798 0.8066 0.7534 0.7020 0.7985 0.6970 0.4300 0.4644 0.5282 0.4885 0.5173 0.5584 0.5939 0.5842 0.5353 0.5006 0.4653 0.3957 0.3708 0.4105 0.4460 0.4433 0.4779 0.5000 0.4787 0.5658 0.6011 0.5347
0.4670 0.4534 0.4497 0.4306 0.3802 0.3656 0.3339 0.3373 0.3255 0.2975 0.3272 0.4372 0.4243 0.5131 0.5159 0.4855 0.5042 0.5634 0.7877 0.9350 1.0727 1.1496 0.9938 0.8214 0.6944 0.5867 0.6657 0.7772 0.7977 0.7015 0.5633 0.5158 0.6146 0.8537 0.9181 0.7526 0.8498 1.3024 1.4815 1.2988 1.1404 1.0659 1.1769 1.0151 0.7845 0.7675 0.6338 0.6313 0.6420 0.5078 0.4525 0.5497 0.4614 0.3935 0.4181 0.5196 0.5713 0.5319 0.4820 0.4597 0.4164 0.3552 0.3636 0.3999 0.3882 0.4305 0.4959 0.4595 0.5320 0.6332 0.6088
0.4712 0.4418 0.4354 0.4605 0.4220 0.4158 0.3892 0.3444 0.3584 0.3709 0.3739 0.4114 0.4346 0.4882 0.5030 0.4646 0.4695 0.5058 0.6852 0.8740 1.0953 1.1772 1.0546 0.9081 0.8749 0.7834 0.7970 0.9093 0.9951 1.0149 0.8770 0.5966 0.5450 0.7528 1.2086 1.0528 0.7669 1.1272 1.4554 1.3516 1.1760 1.0572 1.0852 1.0237 0.8357 0.8025 0.7146 0.6424 0.6166 0.5499 0.4362 0.5179 0.5379 0.4191 0.3709 0.4582 0.5575 0.5397 0.4827 0.4585 0.4088 0.3577 0.3716 0.4128 0.3822 0.4132 0.4998 0.4637 0.5249 0.6451 0.5791
0.4460 0.4203 0.4391 0.4426 0.4132 0.3897 0.3919 0.3709 0.3574 0.3699 0.3884 0.4144 0.4380 0.4872 0.4960 0.4475 0.4341 0.4464 0.5809 0.7413 0.9802 1.1420 0.9919 0.8589 0.8175 0.8234 0.8227 0.8662 0.9612 1.0668 1.1564 1.0118 0.7480 0.7923 1.0872 1.2496 1.0322 1.0527 1.2195 1.2527 1.1989 0.9819 1.0431 1.0788 0.9098 0.8676 0.7809 0.6966 0.6531 0.5760 0.4254 0.4752 0.5381 0.5027 0.4088 0.4203 0.5632 0.5817 0.5012 0.4629 0.4315 0.3769 0.3906 0.4319 0.3919 0.4139 0.5086 0.4685 0.4952 0.6642 0.7488
0.4048 0.3870 0.4167 0.4116 0.3739 0.3804 0.3621 0.3597 0.3914 0.3938 0.3511 0.4283 0.4425 0.4832 0.5078 0.4489 0.4224 0.4081 0.4824 0.6162 0.8146 1.0580 0.9480 0.7996 0.7357 0.7540 0.7792 0.7983 0.8461 0.9194 0.9977 1.1047 0.9759 0.8781 0.9851 1.1498 1.0623 1.0499 1.0971 1.0104 1.0855 0.8945 0.8941 1.0467 0.9320 0.8576 0.7861 0.6981 0.6696 0.6219 0.4540 0.4368 0.6011 0.5376 0.4799 0.4720 0.5789 0.6000 0.5311 0.4934 0.4499 0.3984 0.3952 0.4590 0.4249 0.4601 0.5457 0.4873 0.5845 0.8030 0.9144
0.3392 0.3006 0.3757 0.3646 0.3642 0.3350 0.3538 0.3652 0.3579 0.3792 0.3842 0.4495 0.4743 0.4727 0.4942 0.4579 0.4147 0.3859 0.4091 0.4831 0.6529 0.9617 0.9478 0.7762 0.6883 0.6622 0.7052 0.7171 0.7470 0.7994 0.8304 0.8912 0.9105 0.8524 0.8524 0.9007 0.8338 0.8767 1.0054 0.8550 0.8886 0.8669 0.7366 0.8964 0.9066 0.8145 0.7824 0.6873 0.6362 0.6167 0.5124 0.4434 0.5865 0.6433 0.5631 0.4981 0.5744 0.6430 0.5719 0.5087 0.4744 0.4308 0.4689 0.5381 0.4995 0.5084 0.6075 0.6458 0.7721 1.0745 1.2014
0.2636 0.2152 0.2940 0.3035 0.3346 0.3612 0.3229 0.3538 0.3641 0.3415 0.3812 0.4314 0.5010 0.4865 0.4783 0.4481 0.3910 0.3685 0.3631 0.3980 0.5257 0.8214 0.9119 0.7709 0.6777 0.6135 0.6304 0.6545 0.6632 0.6953 0.7158 0.7737 0.7818 0.7402 0.7598 0.7487 0.6177 0.6856 0.8378 0.8307 0.7755 0.8551 0.7023 0.7638 0.8870 0.7531 0.7104 0.6698 0.6242 0.6379 0.5721 0.4725 0.6372 0.7328 0.6345 0.5276 0.5889 0.6754 0.6136 0.5215 0.4910 0.5046 0.5375 0.6215 0.6131 0.6792 0.8803 0.9451 1.1245 1.3500 1.4525
0.2195 0.2125 0.2659 0.3010 0.2913 0.3334 0.3320 0.3348 0.3383 0.3577 0.4011 0.4397 0.5150 0.4968 0.4539 0.4387 0.3859 0.3309 0.3331 0.3623 0.4694 0.6922 0.8146 0.7039 0.6213 0.5785 0.5832 0.6136 0.6299 0.6339 0.6185 0.6383 0.6652 0.6063 0.6107 0.6605 0.5435 0.5102 0.7220 0.8226 0.7451 0.8317 0.6858 0.6835 0.8663 0.8132 0.7005 0.6380 0.6138 0.6070 0.5943 0.5425 0.6495 0.7914 0.7206 0.5864 0.5736 0.7108 0.6874 0.5826 0.5861 0.5521 0.5730 0.7050 0.8269 0.9580 1.1189 1.3035 1.4429 1.5364 1.6094
0.2041 0.2237 0.2533 0.2894 0.2948 0.3044 0.3077 0.3055 0.3238 0.3518 0.3852 0.4565 0.5414 0.5147 0.4293 0.3808 0.3491 0.3240 0.3012 0.2785 0.4021 0.6110 0.7169 0.6290 0.5318 0.5277 0.5240 0.5654 0.5924 0.5914 0.5732 0.5662 0.5778 0.5004 0.4651 0.5683 0.5314 0.4459 0.5964 0.8264 0.7326 0.7869 0.7327 0.6055 0.7839 0.8664 0.6844 0.5981 0.6439 0.6722 0.6582 0.5548 0.6340 0.8318 0.7741 0.6495 0.6095 0.7470 0.7459 0.6156 0.5810 0.6095 0.7074 0.8872 1.0319 1.1512 1.4582 1.5721 1.5930 1.6553 1.6699
0.2086 0.2405 0.2346 0.2692 0.2665 0.2682 0.2738 0.2963 0.3036 0.3329 0.3872 0.4363 0.5322 0.5410 0.4274 0.3743 0.3461 0.2967 0.2713 0.2642 0.3570 0.5275 0.5906 0.5736 0.4741 0.4396 0.4737 0.5017 0.5494 0.5572 0.5275 0.5067 0.5330 0.4824 0.4152 0.4812 0.5064 0.4497 0.5347 0.8054 0.7814 0.7629 0.7809 0.5900 0.6818 0.8100 0.7491 0.6581 0.6118 0.6326 0.6847 0.6491 0.6553 0.7561 0.8094 0.7169 0.6302 0.7514 0.8131 0.7900 0.7992 0.8031 0.9295 1.1201 1.2885 1.4952 1.7587 1.7848 1.7574 1.7259 1.6354
0.2077 0.2880 0.2165 0.2330 0.2561 0.2663 0.2561 0.2679 0.3148 0.3282 0.3509 0.3659 0.4975 0.5718 0.4363 0.3457 0.3349 0.2981 0.2402 0.2167 0.3678 0.5213 0.4989 0.4836 0.4429 0.3781 0.3872 0.4272 0.4714 0.5002 0.5163 0.5178 0.5223 0.4803 0.4029 0.4546 0.4970 0.5003 0.5524 0.7700 0.7936 0.7913 0.8339 0.6123 0.6895 0.7941 0.7156 0.6617 0.6442 0.6451 0.7444 0.7729 0.7206 0.7539 0.8546 0.7720 0.7335 0.8993 1.0432 1.1209 1.1351 1.1750 1.2454 1.3989 1.5097 1.6664 1.8551 1.7144 1.6278 1.5361 1.4846
0.1986 0.3988 0.2824 0.2299 0.2410 0.2427 0.2674 0.2459 0.2552 0.2984 0.3540 0.3795 0.4697 0.5715 0.4664 0.3071 0.2735 0.2704 0.2347 0.2367 0.4112 0.5320 0.4506 0.3908 0.3503 0.3366 0.3284 0.3541 0.4228 0.4759 0.4661 0.4907 0.5538 0.5261 0.4506 0.4653 0.5815 0.6043 0.5190 0.7505 0.8466 0.8192 0.8129 0.6408 0.6660 0.8224 0.7850 0.6893 0.6868 0.7165 0.8416 0.8953 0.8284 0.7636 0.9524 0.9689 1.0562 1.1914 1.3738 1.5150 1.4902 1.4812 1.5362 1.6405 1.6235 1.6523 1.7103 1.5000 1.5275 1.8466 1.7379
0.2336 0.1545 0.4465 0.2656 0.2500 0.2062 0.2480 0.2920 0.2875 0.3122 0.3683 0.4157 0.5238 0.5712 0.4208 0.2949 0.2603 0.2466 0.2542 0.2859 0.4445 0.5396 0.4306 0.3554 0.3124 0.2787 0.2669 0.2936 0.3796 0.4632 0.4846 0.5161 0.5710 0.5580 0.4894 0.5128 0.6422 0.6102 0.5392 0.7497 0.8870 0.8493 0.8214 0.7493 0.7180 0.8666 0.8368 0.7632 0.7683 0.8280 0.9585 1.0454 0.9394 0.9625 1.2154 1.3861 1.5492 1.6565 1.6845 1.7182 1.7200 1.7087 1.6700 1.7380 1.5739 1.5248 1.7118 1.8881 1.8598 1.4950 1.1496
0.0529 0.1118 0.2852 0.3113 0.2376 0.2294 0.2648 0.3031 0.3093 0.3713 0.4293 0.4663 0.5691 0.5572 0.3937 0.2737 0.2479 0.2399 0.2530 0.3511 0.5413 0.5491 0.4018 0.3145 0.2683 0.2597 0.2674 0.2946 0.3626 0.4486 0.4906 0.5351 0.6057 0.6006 0.5326 0.5369 0.6590 0.6725 0.6235 0.7119 0.8649 0.9057 0.8782 0.8753 0.7922 0.9122 0.9763 0.9476 1.0115 1.0142 1.0629 1.1890 1.2491 1.3855 1.6087 1.8648 1.9719 1.8859 1.7980 1.7727 1.7280 1.6120 1.5476 1.5686 1.8483 2.2165 1.7902 1.2611 1.1330 1.4224 1.3435
0.0804 0.1361 0.2680 0.2886 0.2436 0.2508 0.2747 0.3239 0.3579 0.4157 0.4712 0.4767 0.5578 0.5610 0.3963 0.2767 0.2339 0.2274 0.3083 0.4718 0.6508 0.5735 0.4065 0.2852 0.2324 0.2376 0.2622 0.2816 0.3756 0.4858 0.4912 0.5404 0.6310 0.6391 0.6054 0.6282 0.7071 0.6807 0.7131 0.7975 0.9329 0.9322 0.9396 1.0049 0.9399 1.1391 1.2289 1.2459 1.2690 1.2734 1.3344 1.5174 1.5359 1.6840 1.8687 2.1635 2.0434 1.7556 1.6407 1.6071 1.8390 1.9704 1.9185 1.4246 1.2217 1.6376 1.3608 1.1931 1.1454 1.0663 1.0860
0.0659 0.1488 0.2930 0.2925 0.2540 0.2778 0.3249 0.3690 0.3967 0.4480 0.4882 0.5001 0.5837 0.5622 0.3825 0.2440 0.2240 0.2638 0.4258 0.6709 0.7074 0.5458 0.3805 0.2561 0.2198 0.2680 0.3045 0.3257 0.4229 0.5278 0.5604 0.6066 0.6617 0.6991 0.6901 0.7144 0.7339 0.8568 0.9327 0.7775 0.9610 1.0768 1.1047 1.1243 1.2209 1.4056 1.4704 1.5873 1.5835 1.5913 1.6210 1.6952 1.6964 1.7809 1.8165 2.0418 1.7163 1.4511 1.7288 2.2062 1.6341 0.9682 1.1222 1.3426 1.1451 1.3179 1.2913 1.0306 1.0410 0.9796 1.0386
0.1018 0.1777 0.2983 0.3124 0.2928 0.3141 0.3443 0.4078 0.4278 0.4940 0.5519 0.5679 0.6291 0.5334 0.3264 0.2328 0.2332 0.3830 0.6998 0.8411 0.7051 0.4765 0.3240 0.2601 0.2717 0.3070 0.3466 0.4087 0.5228 0.5904 0.6380 0.6889 0.7662 0.7812 0.7651 0.8070 0.8388 1.0359 0.9866 0.9122 1.1084 1.2085 1.2906 1.3439 1.4950 1.6405 1.7550 1.8597 1.7469 1.7338 1.6922 1.6250 1.5488 1.5457 1.5799 1.8566 1.7538 1.6671 1.6776 1.3895 1.3751 1.1652 0.9904 1.0330 0.9243 0.9646 1.0192 1.0137 1.0152 1.1155 1.2926
0.1161 0.1780 0.3053 0.3398 0.3073 0.3326 0.3802 0.4483 0.4666 0.5371 0.6199 0.6095 0.6126 0.4808 0.2998 0.2575 0.3022 0.5551 0.9053 0.8581 0.6010 0.3908 0.2982 0.2947 0.3219 0.3820 0.4607 0.5732 0.6787 0.7280 0.7817 0.8167 0.8520 0.8791 0.9349 0.9669 1.0446 1.1700 1.1748 1.1399 1.2741 1.4047 1.5846 1.5250 1.7583 1.8441 1.8539 1.8653 1.6881 1.5960 1.4054 1.3326 1.4693 1.7252 1.8343 2.3902 1.8221 1.2076 1.3004 1.3969 1.1600 0.9422 0.8747 0.9534 0.9640 0.9722 1.0494 1.1327 1.2708 1.4921 1.8229
0.1248 0.1925 0.3184 0.3451 0.3265 0.3562 0.4066 0.4904 0.5106 0.5741 0.6452 0.5984 0.5918 0.4306 0.3042 0.3204 0.3649 0.7448 1.0398 0.8070 0.5014 0.3466 0.3025 0.3435 0.4224 0.5535 0.7109 0.8309 0.8889 0.8990 0.9758 0.9910 1.0159 1.0617 1.1086 1.1903 1.3218 1.3855 1.4152 1.3965 1.6277 1.6940 1.8136 1.7763 1.9227 1.7916 1.8084 1.6389 1.4188 1.2966 1.2428 1.6539 2.3036 2.1421 2.0549 1.8687 1.3735 1.2496 1.0367 0.9275 0.9452 0.9059 0.9178 0.9601 1.1003 1.1439 1.2311 1.5181 1.7026 2.1460 2.3206
0.1415 0.2052 0.3232 0.3669 0.3466 0.3692 0.4313 0.5327 0.5373 0.5947 0.6822 0.6055 0.5444 0.4240 0.3794 0.3920 0.5771 1.0223 1.0422 0.6906 0.4152 0.3475 0.4178 0.4928 0.5994 0.7913 1.0052 1.0913 1.1675 1.2013 1.2017 1.1473 1.2565 1.2987 1.4203 1.4965 1.5897 1.6647 1.7483 1.9073 1.8467 1.9497 2.0218 1.8608 1.7901 1.6412 1.4443 1.2702 1.5338 1.6057 1.6049 1.9228 2.2169 1.6493 1.2680 1.7583 1.3891 1.0678 0.8478 0.8503 0.9445 0.9525 1.0425 1.0924 1.3459 1.4608 1.7756 2.2129 2.2641 2.7128 2.8054
0.1578 0.2220 0.3367 0.3695 0.3537 0.4051 0.4984 0.5859 0.5570 0.6238 0.7078 0.6222 0.5251 0.4408 0.4737 0.5800 0.9266 1.0566 0.9134 0.5725 0.4297 0.5253 0.6189 0.8039 0.9466 1.1241 1.3139 1.4428 1.5590 1.5258 1.4303 1.4212 1.5533 1.6008 1.7115 1.7760 1.8643 1.9520 2.0175 2.0160 1.7937 1.9381 1.8214 1.6930 1.4348 1.4214 1.4300 1.8352 1.8933 1.3178 1.0309 1.3935 1.7738 1.8645 1.1846 1.1284 1.0554 1.0203 0.9221 0.9252 1.0341 1.1362 1.2943 1.4177 1.8596 1.9696 2.4798 2.7038 2.8839 3.0375 3.1070
0.1513 0.2407 0.3537 0.3845 0.4127 0.4463 0.5301 0.6255 0.6038 0.6444 0.7273 0.6303 0.5151 0.5541 0.6277 0.8129 1.0701 0.9632 0.7705 0.5309 0.5505 0.7509 1.0243 1.3485 1.3806 1.4360 1.6055 1.8579 1.8991 1.8527 1.7213 1.6693 1.7397 1.8084 1.8240 1.9076 1.8725 1.9192 1.7951 1.6709 1.6076 1.7125 1.4376 1.6477 1.6743 1.7146 1.3666 1.4668 1.5115 1.3929 1.0474 1.1003 1.1044 1.2004 1.1118 0.9923 1.0546 1.0559 1.1074 1.1247 1.2698 1.5872 1.7903 2.0253 2.5797 2.5937 2.9355 3.0420 3.2494 3.1390 3.1866
0.1708 0.2713 0.3832 0.4311 0.4564 0.4776 0.5736 0.6748 0.6373 0.6770 0.7246 0.6043 0.5643 0.6742 0.7062 0.9304 1.1116 1.0311 0.8267 0.6902 0.8348 1.2444 1.6466 1.7265 1.6428 1.6466 1.8358 2.0657 2.0587 1.9779 1.7261 1.6885 1.7081 1.6475 1.6288 1.6544 1.6034 1.6115 1.5380 1.4689 1.4051 1.8771 1.6129 1.4642 1.3074 1.1863 1.0289 1.2539 1.3529 1.1443 0.9321 0.9584 1.0493 1.1020 1.2274 1.1361 1.3076 1.3981 1.4871 1.6912 1.8680 2.2144 2.4618 2.8739 2.8737 3.0701 3.2419 3.2447 3.3529 3.1819 3.0303
