_input/DEM10_LS-FB1.asc
NCOLS 129
NROWS 89
XLLCORNER 4477375.0000000000
YLLCORNER 5725725.0000000000
CELLSIZE 10.000000
NODATA_VALUE -99999.0000
[rows 32 to 63 of 89, columns 0 to 70 of 129]
0.1429 0.2316 0.3251 0.3988 0.4627 0.5073 0.5669 0.6419 0.6954 0.7180 0.7383 0.7630 0.7783 0.8214 0.8526 0.8981 0.9820 1.0338 1.0088 0.9399 0.9023 0.9625 1.0846 1.1702 1.1804 1.1169 1.1334 1.2587 1.3659 1.4269 1.3753 1.3474 1.3791 1.4268 1.4975 1.6435 1.8476 2.3508 3.3855 5.9523 6.9097 8.6370 8.8883 8.4230 7.2975 6.3099 4.6013 3.6330 3.5295 3.5047 3.9907 4.0276 3.9610 3.8566 3.8737 3.6425 3.3765 3.2581 3.4259 3.3734 3.4187 3.4809 3.4620 3.4075 3.0727 2.9364 2.6909 2.5599 2.6523 2.6960 2.6622
0.1674 0.2715 0.3825 0.4596 0.5234 0.5768 0.6403 0.7131 0.7764 0.8042 0.8274 0.8276 0.8129 0.8578 0.9052 0.9665 1.0675 1.1799 1.2027 1.1490 1.0789 1.0865 1.1453 1.2106 1.3074 1.2951 1.2412 1.3716 1.4604 1.5379 1.5359 1.5594 1.6004 1.7047 1.8097 2.2461 3.6353 5.5944 8.3829 8.6343 8.5890 7.2699 5.7528 5.0242 3.1765 3.2056 3.4966 3.6067 3.4585 3.6302 4.2316 3.7976 3.7468 3.6082 3.5671 3.3985 3.1861 3.1367 3.2462 3.2994 3.2567 3.2503 3.3351 3.2841 2.9573 2.7437 2.6043 2.3768 2.4166 2.5731 2.4633
0.1699 0.3053 0.4375 0.5175 0.5822 0.6446 0.7118 0.7885 0.8580 0.8969 0.9403 0.9414 0.9318 0.9505 0.9960 1.0563 1.2088 1.3650 1.4935 1.4299 1.3327 1.2494 1.2152 1.1915 1.2852 1.4501 1.4875 1.6115 1.8457 1.9643 2.0440 2.0865 2.1837 2.3315 3.1684 5.5428 7.2364 8.3414 7.2209 4.6163 3.5410 3.1505 3.1074 3.1912 3.1798 3.1184 3.5710 3.6315 3.4253 3.7167 4.0910 3.6685 3.4065 3.3437 3.3989 3.3507 3.1162 3.0044 3.1178 3.1798 3.0805 3.0366 3.1233 3.1025 2.8578 2.5669 2.4802 2.2475 2.2222 2.3653 2.3169
0.2051 0.3308 0.4445 0.5285 0.5873 0.6541 0.7189 0.8045 0.8820 0.9712 1.0428 1.0974 1.1358 1.2009 1.2490 1.3220 1.5191 1.6952 1.8950 1.9781 2.0188 1.7434 1.4556 1.3280 1.3228 1.6137 1.8780 2.0179 2.0965 2.2666 2.3943 2.4830 2.7714 4.4787 6.8067 7.8394 7.5200 5.2727 3.2237 2.7038 2.9880 3.0456 3.1131 3.0493 3.2531 3.1935 3.5373 3.6306 3.3993 3.6452 3.8100 3.5849 3.2835 3.2450 3.2901 3.2370 3.0143 2.9324 2.9288 3.0015 2.9316 2.8324 2.8878 2.8970 2.7224 2.4362 2.3779 2.0514 2.0912 2.1913 2.1536
0.1959 0.3275 0.4483 0.5252 0.5947 0.6533 0.7406 0.8247 0.9296 0.9922 1.1017 1.1938 1.3013 1.4200 1.5548 1.7312 1.8690 2.0516 2.1528 2.3182 2.4351 2.4877 2.1896 2.0147 1.9195 2.0765 2.2419 2.3030 2.3399 2.3913 2.4663 3.2692 5.2097 7.5486 7.5836 5.7988 3.4234 2.4325 2.6768 2.7706 2.9647 2.9346 3.0922 2.9353 3.2861 3.2093 3.4108 3.4859 3.3790 3.4715 3.5450 3.5068 3.2252 3.0851 3.0886 3.1293 2.9146 2.7356 2.8092 2.8299 2.7853 2.6458 2.6648 2.6692 2.5715 2.3311 2.2140 1.9993 1.9309 2.0188 2.0714
0.1999 0.3290 0.4530 0.5403 0.6186 0.6715 0.7380 0.8528 0.9360 1.0295 1.1159 1.2194 1.3665 1.5495 1.6314 1.6926 1.7114 1.7324 1.8209 1.9239 2.1782 2.5384 2.7036 2.6744 2.5907 2.3591 2.3473 2.4242 2.5955 2.7460 4.4801 6.2953 7.6592 6.6115 3.9022 2.7403 2.4392 2.3963 2.7373 2.8026 2.7697 2.8056 3.0883 2.7632 3.2335 3.1512 3.2422 3.2423 3.2973 3.3717 3.3430 3.4011 3.0998 2.9545 2.9060 2.9340 2.7979 2.6194 2.5866 2.6695 2.6435 2.5039 2.4194 2.5388 2.3233 2.2423 2.0693 1.8867 1.8512 1.8722 1.9850
0.1849 0.3189 0.4506 0.5297 0.5991 0.6661 0.7401 0.8509 0.9510 1.0324 1.1035 1.2168 1.3367 1.3949 1.4214 1.4028 1.4454 1.4662 1.5039 1.6044 1.7427 1.9594 2.3708 2.2971 2.3879 2.5088 2.6104 2.7670 2.9307 4.9321 6.9123 7.1086 5.4995 2.6468 2.5825 2.4499 2.4111 2.4470 2.6831 2.7045 2.5645 2.9300 2.8141 2.7397 3.0402 3.1854 3.0380 3.0499 3.1993 3.1537 3.1221 3.2714 2.9885 2.7353 2.7642 2.7340 2.6469 2.4730 2.4536 2.4418 2.4964 2.3468 2.2553 2.3026 2.2043 2.0765 1.9406 1.8474 1.7509 1.7782 1.8734
0.1596 0.2919 0.4308 0.5118 0.5920 0.6633 0.7671 0.8803 0.9650 1.0650 1.2076 1.2816 1.2624 1.2927 1.2878 1.2734 1.2924 1.3087 1.3696 1.4586 1.5290 1.6196 1.7656 2.0246 2.1688 2.4129 2.7853 3.0436 5.0606 6.6498 6.4512 4.1778 2.4638 2.5053 2.5406 2.4452 2.4162 2.4216 2.5432 2.5794 2.5228 2.7144 2.7053 2.6979 2.8282 2.9862 2.9258 2.8843 2.9072 2.9669 3.0028 2.9809 2.8288 2.5956 2.5560 2.4924 2.5088 2.2976 2.2528 2.2922 2.3366 2.2342 2.1046 2.1323 2.0043 1.9627 1.8411 1.7788 1.6851 1.6508 1.7406
0.1045 0.2615 0.4376 0.5162 0.5952 0.6872 0.7912 0.9140 1.0205 1.1317 1.1975 1.1831 1.1820 1.2059 1.1735 1.1004 1.0710 1.0987 1.1325 1.2288 1.3218 1.4070 1.4788 1.6463 2.0220 2.7569 3.4437 4.7575 6.3213 6.1348 3.7921 2.4932 2.4423 2.4679 2.5160 2.4510 2.4201 2.4207 2.4513 2.5053 2.4354 2.5199 2.6070 2.5953 2.6411 2.8590 2.7385 2.6673 2.7429 2.7475 2.7356 2.7555 2.6123 2.3750 2.3396 2.2816 2.2794 2.1301 2.1275 2.1243 2.1152 2.2534 1.9726 1.9190 1.8925 1.8674 1.7233 1.6672 1.6618 1.5374 1.6093
0.1047 0.2614 0.4420 0.5167 0.5931 0.6995 0.8158 0.9173 0.9941 1.0692 1.0832 1.0207 0.9790 0.9946 0.9339 0.8818 0.9093 0.9478 1.0065 1.0920 1.2037 1.2868 1.3924 1.6150 2.6694 3.6933 4.3568 6.0668 5.8897 3.5630 2.5730 2.4900 2.4206 2.4396 2.4970 2.4004 2.3961 2.3611 2.3651 2.3953 2.3822 2.3970 2.4206 2.5379 2.4594 2.6365 2.5766 2.4782 2.4863 2.5055 2.5331 2.4062 2.3777 2.1766 2.0933 2.0380 2.0589 1.9968 1.9778 1.9950 1.9841 2.0392 1.9150 1.7687 1.7579 1.7525 1.6265 1.5532 1.5790 1.4735 1.4317
0.1314 0.2811 0.4469 0.5284 0.6073 0.7121 0.8088 0.9048 0.9679 0.9340 0.9250 0.7622 0.7245 0.7677 0.7919 0.8109 0.8624 0.9518 1.0138 1.1450 1.2114 1.2919 1.4837 2.0616 3.7595 4.8040 5.4530 6.0064 3.6642 2.4329 2.5100 2.4186 2.4268 2.3848 2.4403 2.3355 2.3619 2.3072 2.2865 2.2811 2.2962 2.2193 2.3987 2.3643 2.2749 2.4461 2.3450 2.2829 2.2354 2.2432 2.2445 2.1624 2.1041 1.9607 1.8653 1.8300 1.8973 1.8641 1.8412 1.8771 1.7852 1.8926 1.7681 1.6564 1.6347 1.6259 1.5222 1.4390 1.4774 1.3722 1.3183
0.1611 0.3080 0.4593 0.5328 0.6038 0.6906 0.7963 0.8712 0.8944 0.8487 0.7630 0.5977 0.6120 0.6901 0.7508 0.8270 0.9199 1.0221 1.1064 1.1970 1.2855 1.3991 1.9065 3.1158 5.1697 4.7741 5.6581 3.5240 2.5504 2.4860 2.4885 2.4071 2.3968 2.2848 2.3410 2.2661 2.2589 2.2318 2.1948 2.1760 2.2096 2.0802 2.2717 2.1780 2.1621 2.1906 2.1584 2.0784 1.9601 1.9593 2.0061 1.8991 1.8572 1.7796 1.6569 1.6869 1.7262 1.7296 1.6453 1.7521 1.6580 1.7099 1.6461 1.5506 1.4772 1.4859 1.4412 1.3307 1.3481 1.2885 1.1888
0.1716 0.3276 0.4761 0.5368 0.5916 0.6902 0.7760 0.8397 0.8352 0.7503 0.6161 0.5420 0.6592 0.7641 0.8377 0.9175 1.0006 1.1023 1.1833 1.3086 1.4065 1.7888 2.5295 4.2665 5.0859 5.5093 3.9057 2.1140 2.4094 2.4280 2.5013 2.4364 2.3345 2.1758 2.2007 2.1342 2.1536 2.1450 2.0950 2.1000 2.0407 2.0087 2.0684 1.9795 1.9975 1.9845 1.9488 1.8582 1.7242 1.7039 1.7388 1.7239 1.6200 1.5824 1.4947 1.5346 1.5344 1.5379 1.5474 1.5780 1.5137 1.5441 1.5195 1.4475 1.3221 1.3719 1.3258 1.2296 1.2223 1.1942 1.1048
0.2216 0.3665 0.4948 0.5674 0.6400 0.7275 0.7966 0.8295 0.8249 0.7286 0.7425 0.7207 0.7975 0.9126 0.9546 1.0230 1.0721 1.1839 1.2783 1.4215 1.7827 2.4828 3.2670 5.0238 5.7360 4.7823 2.2115 2.1499 2.2923 2.3704 2.4602 2.4029 2.2958 2.1115 2.0278 1.9800 2.0077 2.0153 1.9911 1.9448 1.9165 1.8980 1.8836 1.7984 1.7924 1.7496 1.7824 1.6194 1.5237 1.4845 1.5075 1.5355 1.4350 1.4029 1.3337 1.3584 1.3617 1.3675 1.3826 1.4179 1.3817 1.3458 1.3644 1.3545 1.1802 1.2263 1.2465 1.1193 1.1251 1.0980 1.0590
0.2754 0.4193 0.5379 0.6099 0.6691 0.7556 0.8046 0.8341 0.8392 0.9120 0.9576 1.0186 1.0355 1.1241 1.1042 1.1807 1.2326 1.3693 1.5006 1.8647 2.4329 3.2454 4.3096 5.8162 5.1969 2.5267 2.2058 2.1442 2.1782 2.2573 2.4033 2.3886 2.2593 2.0228 1.9107 1.8484 1.8645 1.8687 1.8247 1.8237 1.7854 1.7310 1.7264 1.6639 1.6018 1.5292 1.5907 1.4530 1.3500 1.3095 1.2908 1.3828 1.2605 1.2374 1.2085 1.1786 1.1891 1.2209 1.2269 1.2456 1.2360 1.1731 1.2033 1.2393 1.0686 1.1212 1.1466 1.0202 1.0527 1.0131 0.9446
0.3337 0.4812 0.5865 0.6425 0.6974 0.7455 0.7802 0.8152 0.8450 1.0009 1.1625 1.2800 1.2997 1.3662 1.3480 1.4110 1.5086 1.5648 1.9886 2.6164 2.9990 4.7297 5.7268 5.2942 2.6419 2.4598 2.2777 2.1036 2.0402 2.1075 2.2520 2.3334 2.1769 1.9434 1.7907 1.7017 1.7257 1.7389 1.6755 1.6592 1.6638 1.5965 1.5065 1.5783 1.4348 1.3465 1.3998 1.3024 1.2275 1.1278 1.1375 1.1753 1.1158 1.1078 1.0636 1.0041 1.0618 1.0640 1.0807 1.0867 1.0855 1.0427 1.0734 1.1201 0.9972 1.0256 1.0348 0.9673 0.9759 0.9235 0.8562
0.3846 0.5312 0.6163 0.6607 0.6909 0.7058 0.7189 0.7476 0.8618 1.0292 1.2168 1.3379 1.4481 1.5203 1.5437 1.5761 1.5184 2.2254 2.9425 3.5237 4.8221 5.7710 4.4784 2.5540 2.4608 2.3707 2.2530 2.0326 1.9225 1.9157 2.0673 2.1544 2.1009 1.8604 1.6910 1.5581 1.5900 1.6059 1.5196 1.5169 1.5103 1.4796 1.3678 1.3970 1.2896 1.2238 1.1897 1.1576 1.0894 0.9809 0.9792 1.0193 0.9778 0.9615 0.9294 0.8776 0.9278 0.9089 0.9464 0.9367 0.9539 0.9534 0.9487 1.0110 0.9295 0.9283 0.9319 0.9017 0.8963 0.8530 0.7879
0.4489 0.6000 0.6734 0.7135 0.7183 0.7075 0.6853 0.7477 0.9186 1.1226 1.2522 1.3574 1.4680 1.5751 1.5744 1.7011 2.9217 3.8741 4.9122 5.3920 5.2703 3.9163 2.3829 2.3395 2.3211 2.2631 2.1557 1.9522 1.8103 1.7095 1.8501 1.9896 1.9457 1.7493 1.5965 1.4377 1.4280 1.4631 1.3961 1.3596 1.3540 1.3309 1.2459 1.2177 1.1445 1.0758 1.0096 1.0082 0.9255 0.8435 0.8491 0.8488 0.8683 0.8333 0.8121 0.7522 0.7937 0.7819 0.7991 0.8365 0.8329 0.8600 0.8305 0.8913 0.8819 0.8221 0.8628 0.8433 0.8251 0.7716 0.7441
0.5477 0.7158 0.7693 0.7746 0.7682 0.7682 0.7619 0.8499 1.0157 1.1914 1.3369 1.4607 1.5406 1.6267 2.0716 4.0222 5.1269 5.2052 4.7045 3.6844 2.9863 2.3538 2.2468 2.1641 2.1497 2.0422 2.0151 1.8030 1.7072 1.5403 1.6316 1.7536 1.8007 1.6139 1.4596 1.3203 1.2873 1.2785 1.2546 1.1993 1.1675 1.1886 1.1049 1.0766 0.9643 0.9286 0.8503 0.8556 0.7635 0.7281 0.7067 0.7085 0.7570 0.7176 0.7023 0.6643 0.6589 0.6686 0.6899 0.7377 0.7163 0.7470 0.7406 0.8052 0.7962 0.7842 0.8116 0.7778 0.7432 0.7023 0.6592
0.6917 0.8660 0.8730 0.8501 0.8416 0.8354 0.8544 0.9843 1.1395 1.2726 1.3977 1.5371 1.8635 2.3965 3.9096 4.9474 3.9330 2.9840 2.3356 2.2308 2.3047 2.1362 2.1101 1.9860 1.9181 1.8194 1.8236 1.6475 1.5578 1.4017 1.4302 1.5498 1.5979 1.4677 1.3448 1.2040 1.1261 1.1176 1.0812 1.0315 1.0084 1.0216 0.9672 0.8786 0.8819 0.7908 0.6899 0.7120 0.6398 0.6106 0.5844 0.5966 0.6394 0.6099 0.6154 0.5719 0.5410 0.5816 0.5968 0.6307 0.6258 0.6659 0.6806 0.7341 0.7582 0.7472 0.7520 0.7110 0.6649 0.6399 0.5891
0.9219 1.0482 0.9709 0.9297 0.9122 0.9329 1.0041 1.1508 1.2822 1.4130 1.5641 1.8967 2.0944 3.2257 4.5317 3.8293 2.4989 2.0064 2.2118 2.1199 2.0422 1.9435 1.9545 1.7866 1.6899 1.6061 1.5928 1.4887 1.4040 1.2775 1.2407 1.3556 1.3999 1.3228 1.1928 1.0830 0.9896 0.9541 0.9310 0.8788 0.8436 0.8548 0.8129 0.7232 0.7311 0.6580 0.5676 0.5680 0.5317 0.5137 0.4811 0.4926 0.5320 0.5201 0.5191 0.4916 0.4624 0.4942 0.5021 0.5366 0.5460 0.6222 0.6512 0.6906 0.7014 0.7096 0.6596 0.6418 0.5896 0.5883 0.5218
1.0139 1.1659 1.0652 0.9923 0.9858 1.0363 1.1115 1.2615 1.4145 1.5416 1.8024 1.9189 1.9714 3.6740 4.6175 2.7480 1.7338 1.9392 2.1815 2.0139 1.8267 1.7448 1.7550 1.5912 1.4860 1.3700 1.3824 1.3458 1.2418 1.1581 1.0864 1.1608 1.2188 1.1592 1.0441 0.9577 0.8533 0.8098 0.7763 0.7241 0.6821 0.6759 0.6436 0.5842 0.5664 0.5260 0.4638 0.4447 0.4434 0.4163 0.4007 0.4113 0.4212 0.4405 0.4312 0.4146 0.3998 0.4120 0.4364 0.4614 0.5139 0.5689 0.5955 0.6230 0.6272 0.6440 0.5970 0.5667 0.5790 0.5353 0.5682
1.1277 1.3108 1.2458 1.2106 1.1718 1.2202 1.2919 1.3774 1.4726 1.6339 1.7757 1.6248 2.1773 4.3974 3.9682 1.8584 1.6781 1.9172 2.0543 1.9342 1.6666 1.5163 1.5095 1.4051 1.2866 1.1911 1.1750 1.1733 1.0701 1.0176 0.9446 0.9926 1.0235 0.9997 0.9059 0.8259 0.7232 0.6632 0.6180 0.5693 0.5304 0.5127 0.4949 0.4436 0.4314 0.4036 0.3718 0.3454 0.3513 0.3212 0.3280 0.3295 0.3314 0.3612 0.3612 0.3633 0.3494 0.3644 0.3858 0.4399 0.4623 0.4871 0.5115 0.5399 0.5832 0.5953 0.5415 0.5582 0.5584 0.5859 0.6585
1.2842 1.4601 1.3540 1.3523 1.4509 1.5222 1.5536 1.5296 1.5495 1.6607 1.4616 1.9274 3.2686 4.6502 2.6542 1.6636 1.6955 1.7933 1.9066 1.8251 1.5783 1.3750 1.3138 1.2465 1.1211 1.0402 0.9860 0.9511 0.9437 0.8777 0.8087 0.8190 0.8466 0.8391 0.7557 0.6847 0.6013 0.5201 0.4753 0.4332 0.3904 0.3793 0.3657 0.3368 0.3180 0.3369 0.2887 0.2635 0.2716 0.2381 0.2665 0.2640 0.2628 0.3057 0.3262 0.3290 0.3261 0.3383 0.3774 0.3821 0.3828 0.4168 0.4599 0.4899 0.5554 0.5745 0.5359 0.5555 0.6272 0.7035 0.7978
1.1955 1.3325 1.2546 1.3014 1.4003 1.5286 1.6213 1.5584 1.5996 1.4451 1.5945 3.1050 4.3970 3.5732 1.8770 1.7088 1.6266 1.6412 1.6948 1.6458 1.4397 1.2187 1.1308 1.0934 0.9895 0.9093 0.8388 0.7940 0.7917 0.7304 0.6800 0.6592 0.6770 0.6701 0.6112 0.5419 0.4784 0.4019 0.3551 0.3179 0.2833 0.2736 0.2630 0.2494 0.2292 0.2500 0.2128 0.1980 0.2040 0.2028 0.2111 0.2191 0.2500 0.3043 0.3055 0.3122 0.3223 0.3095 0.3166 0.3346 0.3457 0.3780 0.4248 0.4705 0.5146 0.5522 0.5394 0.6038 0.7044 0.8151 0.9426
0.9328 1.1319 1.1371 1.1585 1.2227 1.3029 1.3809 1.4361 1.3645 1.3566 3.1519 4.2023 3.5873 2.0168 1.8712 1.7202 1.5417 1.4916 1.4701 1.4761 1.3203 1.1052 1.0142 0.9701 0.8687 0.7790 0.7080 0.6683 0.6572 0.6164 0.5730 0.5238 0.5208 0.5117 0.4744 0.4187 0.3659 0.3121 0.2608 0.2294 0.2018 0.1936 0.1860 0.1770 0.1621 0.1628 0.1540 0.1465 0.1477 0.1695 0.1860 0.1986 0.2442 0.2576 0.2653 0.2737 0.2769 0.2657 0.2871 0.3212 0.3527 0.3666 0.4186 0.4461 0.4760 0.5388 0.5814 0.6660 0.8110 0.9530 1.1040
0.7204 0.9435 0.9981 1.0170 1.0588 1.1146 1.1682 1.2033 1.1167 2.6447 4.0793 3.5692 1.9290 1.8888 1.8377 1.6812 1.4638 1.3203 1.2792 1.2920 1.2076 1.0110 0.8888 0.8460 0.7581 0.6485 0.5933 0.5419 0.5420 0.5109 0.4678 0.4178 0.4039 0.3761 0.3624 0.3160 0.2742 0.2366 0.1920 0.1661 0.1479 0.1355 0.1283 0.1216 0.1079 0.1020 0.1046 0.1115 0.1175 0.1354 0.1540 0.1818 0.1949 0.2182 0.2409 0.2558 0.2572 0.2584 0.2784 0.3256 0.3574 0.3802 0.4083 0.4462 0.4792 0.5497 0.6130 0.7204 0.8971 1.0560 1.1828
0.6180 0.8139 0.8871 0.8975 0.9615 1.0498 1.1128 1.0892 1.9825 3.9162 3.7135 1.7398 1.8482 1.7806 1.7418 1.5576 1.3284 1.1785 1.1146 1.1372 1.0738 0.9087 0.7781 0.7259 0.6477 0.5452 0.4916 0.4427 0.4340 0.4166 0.3841 0.3362 0.3092 0.2749 0.2676 0.2439 0.2022 0.1690 0.1417 0.1211 0.1066 0.0919 0.0805 0.0799 0.0791 0.0647 0.0723 0.0755 0.0904 0.1070 0.1272 0.1559 0.1727 0.1985 0.2222 0.2472 0.2593 0.2695 0.2935 0.3202 0.3516 0.3829 0.4246 0.4591 0.5135 0.5987 0.6961 0.8044 0.9461 1.1036 1.2936
0.5277 0.7154 0.8084 0.8715 0.9559 1.0618 1.1576 1.3751 3.5295 4.0017 1.7176 1.6725 1.7131 1.6603 1.5672 1.4192 1.1945 1.0318 0.9724 0.9887 0.9513 0.8059 0.6876 0.6120 0.5573 0.4634 0.4141 0.3673 0.3501 0.3397 0.3054 0.2731 0.2358 0.2067 0.2016 0.1813 0.1502 0.1269 0.1026 0.0864 0.0789 0.0612 0.0555 0.0523 0.0566 0.0541 0.0522 0.0494 0.0674 0.0808 0.1036 0.1334 0.1599 0.1835 0.2119 0.2393 0.2592 0.2700 0.2898 0.3203 0.3560 0.3906 0.4343 0.4960 0.5779 0.6713 0.7654 0.8808 0.9906 1.2241 2.1970
0.4660 0.6593 0.7775 0.8845 1.0106 1.1636 1.2414 2.9455 4.0948 1.6157 1.5957 1.5586 1.5487 1.4683 1.3401 1.2164 1.0409 0.9031 0.8386 0.8620 0.8117 0.7080 0.5968 0.5142 0.4726 0.4042 0.3501 0.3070 0.2835 0.2683 0.2381 0.2129 0.1884 0.1644 0.1531 0.1381 0.1081 0.0960 0.0796 0.0725 0.0648 0.0469 0.0426 0.0557 0.0557 0.0533 0.0215 0.0559 0.0381 0.0608 0.0901 0.1208 0.1468 0.1732 0.1997 0.2271 0.2497 0.2649 0.2858 0.3206 0.3570 0.3916 0.4428 0.5028 0.5764 0.6779 0.8040 0.9199 1.1205 1.9458 2.2849
0.4232 0.6191 0.7646 0.9012 1.0766 1.2064 1.3101 4.3685 1.3110 1.5290 1.4793 1.3821 1.3593 1.2367 1.1092 1.0160 0.8818 0.7721 0.7271 0.7275 0.6835 0.6032 0.4989 0.4340 0.3948 0.3507 0.2897 0.2534 0.2320 0.2076 0.1842 0.1627 0.1464 0.1262 0.1167 0.1018 0.1015 0.0472 0.0728 0.0725 0.0706 0.0480 0.0550 0.0477 0.0557 0.0587 0.0612 0.0467 0.0412 0.0512 0.0795 0.1114 0.1385 0.1646 0.1879 0.2083 0.2338 0.2540 0.2775 0.3083 0.3440 0.3749 0.4197 0.4815 0.5563 0.6541 0.7808 0.9755 1.6206 2.1559 1.6975
0.3735 0.5832 0.7718 0.9130 1.0508 1.1910 1.4530 4.2598 1.3697 1.4181 1.3309 1.2034 1.1245 1.0064 0.8758 0.8178 0.7493 0.6500 0.6076 0.6042 0.5586 0.4887 0.4143 0.3530 0.3176 0.2876 0.2359 0.2073 0.1870 0.1623 0.1406 0.1218 0.1091 0.0946 0.0895 0.0892 0.0859 0.0884 0.0593 0.1155 0.0698 0.0582 0.0551 0.0598 0.0612 0.0566 0.0583 0.0589 0.0508 0.0471 0.0736 0.1005 0.1268 0.1514 0.1744 0.1974 0.2175 0.2365 0.2587 0.2868 0.3204 0.3584 0.4061 0.4770 0.5645 0.6495 0.8375 1.4557 2.0291 1.7793 1.0191
